MatLab_Code/anomaly.grd
DSAA
64 64
-31 32
-31 32
-31.202110290527 23.5830078125
[rows 0 to 19 of 64, columns 0 to 45 of 64]
-0.15566726028919 0.1049098148942 0.37978902459145 0.61875051259995 0.57825618982315 0.53567975759506 0.41182044148445 0.51286607980728 0.76098841428757 0.87652999162674 0.86049288511276 0.67512506246567 0.78160315752029 0.93405264616013 0.92511147260666 1.1160200834274 1.2247897386551 1.2550419569016 1.4439226388931 1.527559876442 1.5192939043045 1.473451256752 1.4600213766098 1.4916266202927 1.4207652807236 1.6479378938675 1.7411016225815 1.7409924268723 1.9627178907394 2.1724426746368 2.2957291603088 2.2516250610352 2.0993719100952 2.0366444587708 2.1311209201813 2.1021535396576 2.0294165611267 1.7926956415176 1.710000872612 1.4732929468155 1.4038144350052 1.2810986042023 1.2334049940109 1.0847364664078 0.92740434408188 0.97976869344711
-0.019080597907305 0.26430371403694 0.49150744080544 0.75100666284561 0.81477338075638 0.6654879450798 0.42126336693764 0.39633896946907 0.75659090280533 0.76380532979965 0.76986616849899 0.81773465871811 0.89588350057602 1.0421127080917 1.2151144742966 1.2400883436203 1.3074048757553 1.5456887483597 1.8245166540146 1.9339553117752 1.9363263845444 1.8227370977402 1.6837729215622 1.723903298378 1.8787573575974 2.0405898094177 2.1788291931152 2.2199194431305 2.2612147331238 2.4982371330261 2.5174868106842 2.4588356018066 2.3747885227203 2.3018524646759 2.4679229259491 2.4385623931885 2.2721366882324 2.0931761264801 1.9977947473526 1.8058658838272 1.5520998239517 1.5008352994919 1.3739932775497 1.1393241882324 0.94436210393906 0.96124988794327
-0.065895579755306 0.32731023430824 0.5367665886879 0.81566196680069 0.80897754430771 0.53222531080246 0.50071209669113 0.47587862610817 0.67577642202377 0.77685850858688 0.7968767285347 0.92077213525772 1.1601519584656 1.2033888101578 1.4041055440903 1.412094950676 1.5279558897018 1.7688144445419 1.9204577207565 2.1431863307953 2.1404008865356 2.1647613048553 2.1403484344482 2.1232986450195 2.29079246521 2.3730254173279 2.4449372291565 2.459575176239 2.5925891399384 2.7910950183868 2.828638792038 2.7630894184113 2.7620296478271 2.7274103164673 2.780125617981 2.7428860664368 2.5847969055176 2.4239463806152 2.3550975322723 2.1913692951202 1.9623473882675 1.9014068841934 1.5486370325089 1.2948135137558 1.2741061449051 1.197677731514
-0.086398147046566 0.20533488690853 0.55470329523087 0.86144059896469 0.60101991891861 0.25682345032692 0.3226161301136 0.35886135697365 0.49717023968697 0.65569585561752 0.87472456693649 1.0058414936066 1.2483390569687 1.3222817182541 1.3808416128159 1.4635208845139 1.6168068647385 1.9307128190994 2.0332591533661 2.1969776153564 2.3186197280884 2.3797705173492 2.4864978790283 2.5009956359863 2.6970839500427 2.6963477134705 2.7301807403564 2.8495786190033 2.8446922302246 2.9605951309204 3.0204453468323 3.0980725288391 3.0890238285065 3.1937546730042 3.1269626617432 2.9526472091675 2.857522726059 2.8506488800049 2.5953397750854 2.481171131134 2.3303215503693 2.0786561965942 1.7359668016434 1.6439434289932 1.5813726186752 1.3798874616623
0.16232006251812 0.22173164784908 0.53504890203476 0.75312227010727 0.46251824498177 0.20728008449078 0.31735220551491 0.37943270802498 0.46845546364784 0.63250917196274 0.87660402059555 1.1144571304321 1.2246396541595 1.3635739088058 1.4460579156876 1.5807036161423 1.8265191316605 2.0802788734436 2.3335113525391 2.3953952789307 2.5065693855286 2.7242465019226 2.8563232421875 2.9680938720703 3.0259191989899 3.1708381175995 3.1590564250946 3.1989312171936 3.3136658668518 3.3267841339111 3.4781594276428 3.701060295105 3.6278104782104 3.5864381790161 3.5084257125854 3.422477722168 3.2623152732849 3.1732447147369 2.8205089569092 2.7611012458801 2.7754278182983 2.4295318126678 2.0867187976837 1.9664295911789 1.9501646757126 1.783672451973
0.24063198268414 0.33022394776344 0.34268549084663 0.43966010212898 0.42643144726753 0.29180088639259 0.27689090371132 0.2370341271162 0.318260461092 0.56357258558273 0.74939471483231 1.0084329843521 1.1746059656143 1.3443199396133 1.5210171937943 1.6932700872421 1.9550281763077 2.1983428001404 2.4649579524994 2.773609161377 2.8137621879578 3.0377433300018 3.0960249900818 3.1215171813965 3.1338243484497 3.329137802124 3.5007991790771 3.7494416236877 3.7938547134399 3.8841123580933 3.9676008224487 4.3000507354736 4.2193927764893 4.0677800178528 3.836766242981 3.9056429862976 3.7780609130859 3.4929714202881 3.344952583313 3.1914772987366 3.0172581672668 2.6940836906433 2.2106518745422 2.2215042114258 2.3229548931122 2.2788870334625
0.13975481688976 0.27856346964836 0.18961457908154 0.34631648659706 0.33655884861946 0.21767745912075 0.20116274058819 0.12767927348614 0.27195796370506 0.55611127614975 0.81542927026749 0.92234510183334 1.1834908723831 1.3663429021835 1.4978467226028 1.7547303438187 1.9600967168808 2.3012619018555 2.7065596580505 3.0826025009155 3.1565775871277 3.2963933944702 3.4347124099731 3.4019818305969 3.4326167106628 3.5963115692139 3.954083442688 4.233633518219 4.3736891746521 4.4713001251221 4.5543031692505 4.9286975860596 4.9678173065186 4.6147999763489 4.414219379425 4.3967256546021 4.3396368026733 4.1015043258667 3.9585614204407 3.7225675582886 3.3758220672607 2.9657549858093 2.525324344635 2.5187010765076 2.4533126354218 2.4067754745483
-0.13456638157368 -0.048596758395433 0.10911033302546 0.19353966414928 0.2683057487011 0.21107386052608 0.39923027157784 0.51665836572647 0.53415602445602 0.59442776441574 0.88689523935318 1.0206191539764 1.2969173192978 1.3482674360275 1.4702306985855 1.828157544136 2.1944978237152 2.6513609886169 3.0254163742065 3.2870507240295 3.5075778961182 3.6298007965088 3.9158992767334 3.9905300140381 3.9396624565125 4.2359204292297 4.5176849365234 4.8433132171631 5.2177219390869 5.2165718078613 5.3567800521851 5.5817275047302 5.6806211471558 5.4031829833984 5.1771502494812 5.0227799415588 5.0717535018921 4.8597221374512 4.4452896118164 4.0875811576843 3.8531279563904 3.4499006271362 3.044909954071 2.7924392223358 2.6640105247498 2.4761242866516
-0.41324228048325 -0.18953962624073 -0.037778217345476 0.16018091142178 0.33007887005806 0.46214225888252 0.56559437513351 0.66782039403915 0.61781948804855 0.63355606794357 0.90180760622025 1.1219556331635 1.2750283479691 1.417209982872 1.6226819753647 2.1331062316895 2.5601732730865 2.9905717372894 3.3464980125427 3.6410675048828 3.8553323745728 4.0078639984131 4.3329238891602 4.6877021789551 4.7805190086365 5.0275187492371 5.3331904411316 5.6434640884399 6.0381951332092 6.093186378479 6.0890970230103 6.3190603256226 6.4083795547485 6.186722278595 6.0736880302429 5.9154081344604 5.7346363067627 5.4804005622864 5.0417447090149 4.5971031188965 4.2897644042969 3.911985874176 3.4897699356079 3.010472536087 2.8142573833466 2.5636811256409
-0.35979050397873 -0.33885955810547 -0.074067018926144 0.25392296910286 0.23571674525738 0.34514990448952 0.49227669835091 0.50653833150864 0.63935941457748 0.78304022550583 0.99746149778366 1.1179894208908 1.2936917543411 1.5474060773849 1.7237015962601 2.1540744304657 2.5112743377686 2.9281446933746 3.3953156471252 3.922158241272 4.1946578025818 4.3378391265869 4.7677402496338 5.2109441757202 5.5581760406494 6.0203323364258 6.373420715332 6.611946105957 6.8948049545288 6.9063243865967 7.1058797836304 7.2921829223633 7.1986050605774 7.1550407409668 6.9375491142273 6.7747950553894 6.495020866394 6.1649813652039 5.657199382782 5.1964302062988 4.763256072998 4.2475700378418 3.8559937477112 3.4011240005493 3.0744042396545 2.5313935279846
-0.25147116184235 -0.33335307240486 -0.097484193742275 0.078261889517307 0.20401279628277 0.21102039515972 0.26862862706184 0.42165115475655 0.63456064462662 0.75725370645523 0.8703390955925 1.1506607532501 1.2351878881454 1.3813415765762 1.8033217191696 2.0877447128296 2.4251675605774 2.8741369247437 3.4692778587341 4.1402115821838 4.6198310852051 4.9455671310425 5.4186024665833 5.8532066345215 6.3600878715515 6.8930959701538 7.3812465667725 7.7008190155029 7.9298915863037 8.1210699081421 8.0931873321533 8.0881042480469 8.1217098236084 8.1140546798706 7.8994150161743 7.6501731872559 7.5501003265381 6.9921808242798 6.3283295631409 5.8500213623047 5.2088680267334 4.6856913566589 4.3507795333862 3.8973560333252 3.233302116394 2.7807371616364
-0.32022365927696 -0.29574501514435 -0.1575872451067 0.030566554516554 0.08087632805109 0.12895677983761 0.28664049506187 0.4284533560276 0.46677163243294 0.51281160116196 0.64591270685196 0.93391078710556 1.1622350215912 1.4946242570877 1.6744471788406 2.1007835865021 2.6324460506439 3.2430419921875 3.9988675117493 4.6522836685181 5.2044773101807 5.7045960426331 6.3272123336792 6.7773275375366 7.38609790802 7.9692716598511 8.5956382751465 9.0497255325317 9.3486490249634 9.4059238433838 9.4271011352539 9.4139738082886 9.4125194549561 9.2884845733643 9.0587730407715 8.8209829330444 8.52867603302 8.1113557815552 7.4794702529907 6.8460330963135 6.049512386322 5.2428541183472 4.8426685333252 4.3402190208435 3.6946744918823 3.1573467254639
-0.13383193314075 -0.18143512308598 -0.29036685824394 -0.177052333951 0.023443263024092 0.13453356921673 0.37033322453499 0.31250968575478 0.23130206763744 0.47661665081978 0.61295622587204 0.84015053510666 1.1058422327042 1.3514729738235 1.6228522062302 2.1856157779694 2.8205075263977 3.5302758216858 4.3591980934143 5.1090335845947 5.8312530517578 6.5341935157776 7.2228879928589 7.8769836425781 8.5933446884155 9.1769638061523 9.9813814163208 10.540898323059 10.823674201965 11.038626670837 11.107789039612 11.17321395874 11.092739105225 10.91593837738 10.709168434143 10.371102333069 9.8560667037964 9.3850412368774 8.6534204483032 7.8916463851929 7.0119485855103 6.0750856399536 5.3800010681152 4.6904468536377 3.9413690567017 3.3337593078613
-0.063395701348782 -0.10171207040548 -0.18555648624897 -0.0077789612114429 -0.027273494750261 -0.028189796954393 0.12114701420069 0.033414345234632 -0.066738270223141 0.21641151607037 0.45942524075508 0.68324536085129 0.93729573488235 1.202192902565 1.5356460809708 2.192453622818 3.0018734931946 3.7109780311584 4.6151857376099 5.5630159378052 6.5130233764648 7.4258575439453 8.3498010635376 9.1860265731812 9.989670753479 10.674510002136 11.5079870224 12.140174865723 12.491795539856 12.871008872986 12.930692672729 13.019492149353 13.119166374207 12.837328910828 12.585141181946 12.158783912659 11.628616333008 10.970180511475 10.091988563538 9.2482137680054 8.2821817398071 7.267614364624 6.1323351860046 5.0697765350342 4.0803699493408 3.413836479187
-0.048510868102312 -0.17742140591145 -0.20503129065037 -0.082113765180111 -0.071538709104061 -0.098677478730679 -0.12927187979221 -0.003339845687151 -0.035174865275621 0.15606705844402 0.30739679932594 0.427116304636 0.73928540945053 1.0155087709427 1.5106166601181 2.0958480834961 2.8417663574219 3.7166881561279 4.7130727767944 5.8892245292664 7.1841011047363 8.517692565918 9.6834516525269 10.877767562866 11.836415290833 12.707175254822 13.481616973877 14.089601516724 14.590533256531 14.994057655334 15.158680915833 15.229121208191 15.338633537292 15.131116867065 14.761078834534 14.305510520935 13.668441772461 12.874652862549 11.889882087708 10.828764915466 9.6199502944946 8.3178329467773 7.03608751297 5.7325959205627 4.4740347862244 3.5022778511047
-0.11379244178534 -0.19062687456608 -0.30363953113556 -0.39215034246445 -0.35330408811569 -0.16134817898273 -0.16950578987598 -0.1324886828661 -0.021450538188219 -0.050118047744036 -0.028955478221178 0.096382416784763 0.47487297654152 0.90636879205704 1.4401861429214 1.9923135042191 2.8592252731323 3.8496732711792 4.9366669654846 6.3323659896851 8.1119909286499 9.6776838302612 11.188342094421 12.638754844666 13.945147514343 15.018151283264 15.671946525574 16.346263885498 17.157972335815 17.55858039856 17.724933624268 17.760887145996 17.792514801025 17.583711624146 17.139892578125 16.725845336914 16.114072799683 15.176691055298 13.890194892883 12.592866897583 11.17701625824 9.4475049972534 7.7859191894531 6.2321166992188 4.8397464752197 3.605254650116
0.077675797045231 -0.054732162505388 -0.30486246943474 -0.32328328490257 -0.49655446410179 -0.40011927485466 -0.33526143431664 -0.32504722476006 -0.20852948725224 -0.26302060484886 -0.17604811489582 0.034128289669752 0.29636517167091 0.50312894582748 1.0884457826614 1.9107092618942 2.8744003772736 3.7588725090027 4.95556640625 6.7759084701538 8.7525444030762 10.878964424133 12.813364982605 14.414868354797 16.034889221191 17.391092300415 18.231008529663 18.971559524536 19.733156204224 20.050668716431 20.15082359314 20.219913482666 20.273447036743 20.300085067749 19.918329238892 19.385639190674 18.66206741333 17.561487197876 16.088445663452 14.470452308655 12.687008857727 10.504453659058 8.4352312088013 6.4892597198486 4.8727378845215 3.6187338829041
-0.085205219686031 -0.1060431227088 -0.29963177442551 -0.4373594224453 -0.41795480251312 -0.58065694570541 -0.62027406692505 -0.63195693492889 -0.46184560656548 -0.45704272389412 -0.45058515667915 -0.18716938793659 -0.098635040223598 0.06284061819315 0.64869838953018 1.3714317083359 2.3377821445465 3.4248433113098 4.752046585083 6.6885995864868 8.9308986663818 11.556445121765 14.060137748718 16.226984024048 18.065824508667 19.585306167603 20.674915313721 21.450567245483 22.067186355591 22.424089431763 22.405502319336 22.528144836426 22.684015274048 22.71378326416 22.407342910767 21.808481216431 20.932596206665 19.730239868164 18.151660919189 16.274488449097 14.090693473816 11.308636665344 8.8240098953247 6.6426892280579 4.7606372833252 3.4022588729858
-0.31816652417183 -0.32821491360664 -0.43547138571739 -0.61523586511612 -0.59117597341537 -0.71585577726364 -0.76548850536346 -0.95942884683609 -0.88351625204086 -0.71542048454285 -0.70941579341888 -0.59761124849319 -0.51881462335587 -0.34475493431091 0.037972372025251 0.59314066171646 1.3727163076401 2.5202867984772 3.8638067245483 5.8723468780518 8.5462169647217 11.642207145691 14.59944152832 17.218572616577 19.176675796509 20.612188339233 21.644870758057 22.398941040039 23.025625228882 23.374128341675 23.396850585938 23.434356689453 23.5830078125 23.429479598999 23.168991088867 22.586778640747 21.807846069336 20.705194473267 19.193830490112 17.230142593384 14.549910545349 11.515153884888 8.604697227478 6.0840249061584 4.1041550636292 2.6607773303986
-0.3665688931942 -0.42646166682243 -0.54070174694061 -0.70136952400208 -0.71999371051788 -0.78756713867188 -0.90152734518051 -1.0214138031006 -0.94799441099167 -0.98266315460205 -0.98242253065109 -0.98634207248688 -0.93049436807632 -0.74896252155304 -0.57052004337311 -0.23369254171848 0.32577362656593 1.0857397317886 2.3917813301086 4.271203994751 6.7140879631042 10.071146011353 13.308959007263 15.907725334167 17.76170539856 18.941261291504 19.739574432373 20.214773178101 20.662891387939 20.853681564331 20.984733581543 21.114900588989 21.172075271606 20.996091842651 20.776100158691 20.286960601807 19.524248123169 18.715286254883 17.559957504272 15.747561454773 13.207436561584 10.082605361938 6.9419512748718 4.5031251907349 2.720760345459 1.3960260152817
