MatLab_Code/anomaly.grd
DSAA
64 64
-31 32
-31 32
-31.202110290527 23.5830078125
[rows 40 to 59 of 64, columns 0 to 45 of 64]
-0.62234961986542 -0.59401255846024 -0.52692538499832 -0.73905485868454 -0.91106575727463 -0.99618685245514 -1.0495266914368 -1.1832269430161 -1.4930092096329 -1.7142421007156 -1.8508175611496 -2.0544383525848 -2.3119969367981 -2.3894374370575 -2.6069431304932 -2.8476364612579 -3.3691029548645 -4.1080098152161 -5.2198023796082 -6.7739534378052 -8.598443031311 -11.101671218872 -13.537256240845 -15.521478652954 -16.936822891235 -17.835283279419 -18.605432510376 -19.178358078003 -19.409067153931 -19.437015533447 -19.475101470947 -19.438840866089 -19.411283493042 -19.264614105225 -19.05962562561 -18.530736923218 -18.210731506348 -17.757539749146 -16.993816375732 -15.754031181335 -13.850951194763 -11.410412788391 -8.7494287490845 -6.7778100967407 -5.4252328872681 -4.5164957046509
-0.63611477613449 -0.61192834377289 -0.4648702442646 -0.60164481401443 -0.77814328670502 -0.73007661104202 -0.86811256408691 -0.98507630825043 -1.2761056423187 -1.4587368965149 -1.648974776268 -1.6913937330246 -1.7544564008713 -1.8078515529633 -1.8777093887329 -1.8204723596573 -2.0336096286774 -2.1972694396973 -2.4015226364136 -2.6379880905151 -2.769166469574 -2.8432836532593 -2.8887333869934 -2.9716367721558 -3.1822681427002 -3.3744945526123 -3.5001773834229 -3.6240100860596 -3.6766500473022 -3.7708759307861 -3.6593732833862 -3.6180324554443 -3.4684209823608 -3.3968601226807 -3.1883277893066 -3.1204452514648 -3.1870088577271 -3.1758108139038 -3.154990196228 -3.1753387451172 -3.0147132873535 -3.0516405105591 -2.7753691673279 -2.7393364906311 -2.8519372940063 -2.7857036590576
-0.73818629980087 -0.69618064165115 -0.49973511695862 -0.60193997621536 -0.69054782390594 -0.54714298248291 -0.54030221700668 -0.78894490003586 -1.0209746360779 -1.2093626260757 -1.3256928920746 -1.2702615261078 -1.1387996673584 -1.1084775924683 -1.006317615509 -0.73998433351517 -0.53554314374924 -0.28387174010277 0.27471700310707 1.2913719415665 2.9640445709229 5.3264174461365 7.6241998672485 9.4179515838623 10.3832654953 11.106281280518 11.47598361969 11.615165710449 11.861960411072 11.968669891357 12.034260749817 12.18793964386 12.327830314636 12.345784187317 12.33881855011 12.114733695984 11.82839679718 11.346238136292 10.594440460205 9.4121894836426 7.7958288192749 5.3678984642029 2.948447227478 1.2819650173187 0.14233736693859 -0.75502437353134
-0.59612363576889 -0.64340209960938 -0.5943791270256 -0.51862353086472 -0.47672626376152 -0.49848619103432 -0.60633498430252 -0.67618453502655 -0.8804475069046 -0.94931399822235 -0.92437022924423 -0.92230528593063 -0.79105168581009 -0.52882450819016 -0.22501154243946 0.1184960976243 0.6540738940239 1.4304603338242 2.4875617027283 4.1616072654724 6.7481307983398 9.9887475967407 13.076285362244 15.753081321716 17.618535995483 18.734594345093 19.529365539551 19.938138961792 20.438888549805 20.740083694458 20.841175079346 20.949890136719 20.978740692139 20.860481262207 20.643507003784 20.420181274414 20.010704040527 19.082555770874 17.674600601196 15.908150672913 13.384779930115 10.097845077515 6.7779994010925 4.0852293968201 2.3765180110931 1.0877585411072
-0.5624298453331 -0.49122595787048 -0.5528279542923 -0.50797468423843 -0.57432502508163 -0.44063445925713 -0.50239324569702 -0.6158419251442 -0.77880573272705 -0.69667494297028 -0.69243693351746 -0.62384867668152 -0.54778331518173 -0.1795005351305 0.280143648386 0.95072203874588 1.6621679067612 2.6283090114594 3.9846940040588 5.8753714561462 8.4149265289307 11.414861679077 14.506567955017 17.170181274414 19.259647369385 20.57458114624 21.594800949097 22.36604309082 23.047504425049 23.317558288574 23.390438079834 23.519721984863 23.568761825562 23.449787139893 23.110149383545 22.788509368896 22.143665313721 21.021055221558 19.478708267212 17.487277984619 14.821734428406 11.643204689026 8.6122598648071 5.7313680648804 3.8353819847107 2.300674200058
-0.49848404526711 -0.51107352972031 -0.52954286336899 -0.45373860001564 -0.45868057012558 -0.39017620682716 -0.36271530389786 -0.43422254920006 -0.50502449274063 -0.46772649884224 -0.36433950066566 -0.2711184322834 -0.21028013527393 0.065780200064182 0.55348783731461 1.314212679863 2.1670801639557 3.2486433982849 4.628294467926 6.5886516571045 8.8660678863525 11.448939323425 14.064093589783 16.340311050415 18.084093093872 19.440101623535 20.683267593384 21.735944747925 22.357219696045 22.529500961304 22.767023086548 22.811706542969 22.89111328125 22.800086975098 22.393489837646 21.733598709106 21.0032787323 19.883142471313 18.459461212158 16.796340942383 14.370010375977 11.574735641479 9.0074577331543 6.4815444946289 4.6297402381897 3.1159229278564
-0.50651454925537 -0.5452019572258 -0.34849360585213 -0.34403046965599 -0.42037633061409 -0.27323266863823 -0.12641860544682 -0.1934552937746 -0.3779334127903 -0.2095760256052 -0.076708696782589 -0.025189835578203 0.075306512415409 0.17706768214703 0.66326493024826 1.3911527395248 2.4498038291931 3.6180810928345 4.8425521850586 6.4138126373291 8.4991264343262 10.649195671082 12.581169128418 14.48007774353 15.97429561615 17.113706588745 18.39892578125 19.330009460449 20.00493812561 20.404169082642 20.696113586426 20.673294067383 20.719779968262 20.590623855591 20.266399383545 19.64967918396 18.679466247559 17.626947402954 16.354909896851 14.966209411621 12.873246192932 10.731367111206 8.7364721298218 6.5882620811462 4.8327651023865 3.509108543396
-0.28225865960121 -0.41590026021004 -0.40630558133125 -0.4354362487793 -0.36886662244797 -0.31342855095863 0.03365383669734 0.18847714364529 -0.0134585686028 0.0086976699531078 0.033567350357771 -0.0066995806992054 0.17423240840435 0.51351827383041 0.97651761770248 1.6864317655563 2.5540065765381 3.5841016769409 4.7392344474792 6.0859327316284 7.7102184295654 9.5375938415527 11.086386680603 12.480971336365 13.792491912842 14.84780216217 15.841355323792 16.764673233032 17.363258361816 17.802167892456 18.131683349609 18.195989608765 18.14893913269 18.099660873413 17.834972381592 17.17391204834 16.205896377563 15.049912452698 13.93591594696 12.712093353271 11.089064598083 9.4901161193848 7.8139314651489 6.2392263412476 4.7922496795654 3.5670747756958
-0.30636438727379 -0.41396218538284 -0.47001370787621 -0.29206636548042 -0.1449865847826 -0.13663233816624 0.11931959539652 0.39783826470375 0.40355911850929 0.37085428833961 0.24239806830883 0.24185059964657 0.33092954754829 0.80248075723648 1.4341632127762 1.9223917722702 2.5912380218506 3.3960928916931 4.5937948226929 5.6558084487915 6.9211750030518 8.281530380249 9.5277976989746 10.689046859741 11.946883201599 12.815538406372 13.574069023132 14.392233848572 14.861174583435 15.280491828918 15.503539085388 15.618649482727 15.535969734192 15.523453712463 15.226199150085 14.672198295593 13.695121765137 12.708395004272 11.707495689392 10.837887763977 9.5882434844971 8.1980829238892 6.7509112358093 5.4586658477783 4.3438081741333 3.4498453140259
-0.32848796248436 -0.31626683473587 -0.38517817854881 -0.27058950066566 -0.050312835723162 -0.036813098937273 0.16642539203167 0.44927790760994 0.60594302415848 0.65447193384171 0.61003786325455 0.66387373209 0.69182521104813 0.99677211046219 1.7700816392899 2.1944003105164 2.6112480163574 3.2073254585266 4.2552351951599 5.1508369445801 6.0792798995972 7.2494192123413 8.3534803390503 9.2259635925293 10.324625968933 11.019276618958 11.554139137268 12.198426246643 12.700716972351 13.088252067566 13.189917564392 13.254733085632 13.199864387512 13.161592483521 12.941487312317 12.293208122253 11.58883190155 10.853386878967 9.9957838058472 9.3744373321533 8.4067974090576 7.1104526519775 5.9888257980347 5.0954022407532 4.1249942779541 3.2716407775879
-0.27291068434715 -0.37448990345001 -0.31539395451546 -0.15989293158054 0.11655626446009 0.18721382319927 0.28291794657707 0.57532221078873 0.666355073452 0.7629606127739 0.72082847356796 0.66402167081833 0.7346448302269 1.2625979185104 1.9610899686813 2.2833933830261 2.6582145690918 3.0189638137817 3.7795963287354 4.5159516334534 5.3288116455078 6.3628787994385 7.3188428878784 8.056978225708 8.7856378555298 9.3998823165894 9.9573097229004 10.399732589722 10.844471931458 11.199856758118 11.228152275085 11.200877189636 11.197215080261 11.108627319336 10.982825279236 10.497534751892 9.948486328125 9.2258930206299 8.5322618484497 8.0135717391968 7.3506460189819 6.3821024894714 5.5333466529846 4.8316359519958 3.8881688117981 3.0861089229584
-0.30576488375664 -0.29347714781761 -0.21815185248852 -0.022152382880449 0.19514982402325 0.34756031632423 0.39881077408791 0.54163616895676 0.714619576931 0.66031569242477 0.65398234128952 0.6745885014534 0.88049811124802 1.347515463829 1.8028064966202 2.1750791072845 2.4582009315491 2.8826258182526 3.3580937385559 3.9831314086914 4.6888675689697 5.4663133621216 6.1896109580994 6.918963432312 7.5462884902954 8.1839666366577 8.6198720932007 8.8392238616943 9.1839370727539 9.3460311889648 9.6392698287964 9.5822839736938 9.4569177627563 9.4294767379761 9.1960830688477 8.9748449325562 8.4636125564575 7.8393726348877 7.3371667861938 6.8248481750488 6.3435125350952 5.6449036598206 4.9036464691162 4.2462882995605 3.5864925384521 2.9322361946106
-0.33241251111031 -0.17459578812122 -0.12844605743885 0.0093772821128368 0.28353276848793 0.35005584359169 0.50658768415451 0.58955079317093 0.5793382525444 0.54074019193649 0.66779845952988 0.69647258520126 0.83202332258224 1.2824288606644 1.7593480348587 2.0868301391602 2.4845087528229 2.836119890213 3.0540676116943 3.549222946167 4.1518468856812 4.8358054161072 5.4742765426636 6.0433793067932 6.5630640983582 7.1212210655212 7.3180932998657 7.4796752929688 7.697585105896 7.998459815979 8.2028541564941 8.1542520523071 8.0349617004395 8.0275688171387 7.8946256637573 7.7171659469604 7.2939767837524 6.7374725341797 6.271936416626 5.7380757331848 5.378556728363 4.8250331878662 4.3855075836182 3.8156833648682 3.1330087184906 2.6492159366608
-0.27681842446327 -0.083885096013546 -0.093587957322598 -0.034773606806993 0.2370136231184 0.31002500653267 0.4694267809391 0.47557607293129 0.49100783467293 0.58801573514938 0.74923938512802 0.86705106496811 0.86368936300278 1.2035628557205 1.5851472616196 1.9579790830612 2.4737331867218 2.6075754165649 2.8895711898804 3.3590755462646 3.7948932647705 4.4111571311951 4.916356086731 5.3939757347107 5.8685340881348 6.2650861740112 6.399534702301 6.4254574775696 6.5873188972473 6.860182762146 6.9725670814514 6.924081325531 6.8236570358276 6.9160981178284 6.7715129852295 6.6568741798401 6.3516283035278 5.8307619094849 5.4247517585754 4.9893598556519 4.6288447380066 4.2284784317017 3.8616242408752 3.3746266365051 2.7766511440277 2.4305610656738
-0.21940265595913 -0.076331995427608 -0.086855255067348 -0.057662922888994 0.075099743902683 0.16541342437267 0.16251020133495 0.32226493954659 0.55059510469437 0.66029459238052 0.92003029584885 1.0109434127808 1.0913149118423 1.311941742897 1.5791581869125 1.8833230733871 2.1350088119507 2.4251403808594 2.7988166809082 3.1291692256927 3.4496212005615 3.947452545166 4.3542408943176 4.7949075698853 5.1457715034485 5.4426803588867 5.7111291885376 5.8676209449768 5.8702592849731 5.8987512588501 6.0256743431091 6.0786085128784 6.0869312286377 6.0819487571716 5.9632229804993 5.7928915023804 5.5460715293884 5.2523984909058 4.8141913414001 4.4032697677612 3.9675903320313 3.6698536872864 3.2358295917511 2.8827421665192 2.4708194732666 2.2782719135284
-0.17058219015598 0.0427679233253 0.19632045924664 0.21482370793819 0.16809903085232 0.18336354196072 0.30515709519386 0.37722530961037 0.49815467000008 0.69573873281479 0.98898082971573 1.0115967988968 1.1790194511414 1.499948143959 1.7567335367203 2.0199301242828 2.2245895862579 2.3371362686157 2.6435303688049 2.8784792423248 3.0195455551147 3.4147162437439 3.6678304672241 4.165283203125 4.5023326873779 4.7123675346375 5.0156807899475 5.1470637321472 5.2100253105164 5.2203235626221 5.2621688842773 5.3534045219421 5.4220519065857 5.432267665863 5.2584056854248 5.0545735359192 4.8540964126587 4.7009587287903 4.3527331352234 4.0387954711914 3.8008427619934 3.5131158828735 2.9012546539307 2.594301700592 2.3569319248199 2.1486186981201
-0.14725024998188 0.047107797116041 0.17010216414928 0.21131376922131 0.25448575615883 0.3881222307682 0.4263816177845 0.49331226944923 0.55165964365005 0.67638379335403 0.87937301397324 1.0302814245224 1.1769357919693 1.3885923624039 1.6985229253769 1.9815355539322 2.1375794410706 2.2954859733582 2.4564967155457 2.5740528106689 2.7114934921265 3.0176978111267 3.2379944324493 3.6232023239136 4.0027589797974 4.2172250747681 4.4044828414917 4.4565854072571 4.6216859817505 4.7971377372742 4.6560144424438 4.6143779754639 4.7343254089355 4.8292798995972 4.7317724227905 4.4552140235901 4.3671021461487 4.1959047317505 3.8856320381165 3.6263031959534 3.5822277069092 3.1970722675323 2.8218755722046 2.4289863109589 2.3029861450195 2.0874500274658
0.025115769356489 0.16363494098186 0.15159802138805 0.19969610869884 0.32920840382576 0.37290540337563 0.24837277829647 0.42817130684853 0.63768523931503 0.79716485738754 0.87368351221085 1.1017314195633 1.4207829236984 1.4271332025528 1.4612761735916 1.7426315546036 1.9408401250839 2.0981826782227 2.2726266384125 2.2904863357544 2.5773601531982 2.8588809967041 2.9883697032928 3.3229155540466 3.6192302703857 3.8321661949158 3.9602446556091 3.9984722137451 4.1384000778198 4.3212904930115 4.0413780212402 3.9999718666077 4.0660519599915 4.1479115486145 4.0883374214172 3.8461103439331 3.9459648132324 3.7993698120117 3.5025105476379 3.2094085216522 3.2267756462097 3.1435737609863 2.7373538017273 2.3688383102417 2.2044486999512 1.9619134664536
0.20387773215771 0.36491039395332 0.39096096158028 0.43638005852699 0.37073305249214 0.24896310269833 0.26768413186073 0.3035537302494 0.64925962686539 0.78131264448166 0.76581960916519 0.94530433416367 1.2621117830276 1.3807767629623 1.3658653497696 1.6223074197769 1.8190134763718 1.9425777196884 1.968819975853 2.0659790039063 2.5031905174255 2.7378084659576 2.8611469268799 3.0406951904297 3.2772374153137 3.3966989517212 3.5449323654175 3.6032223701477 3.6722092628479 3.6823625564575 3.6330614089966 3.3969268798828 3.4101333618164 3.5341086387634 3.5760569572449 3.566463470459 3.6202907562256 3.5010061264038 3.3807787895203 2.9402456283569 2.8385815620422 2.8244466781616 2.6588473320007 2.4640536308289 2.1557490825653 1.8133300542831
0.27268233895302 0.296696215868 0.42574337124825 0.54243212938309 0.30709651112556 0.30891492962837 0.29519632458687 0.2539367377758 0.53035467863083 0.77525037527084 0.78953605890274 0.81481939554214 0.93996745347977 1.1645400524139 1.207575917244 1.4012180566788 1.5990611314774 1.7921174764633 1.9333003759384 2.0811452865601 2.3658850193024 2.6369576454163 2.7285413742065 2.842866897583 2.9052472114563 2.9580016136169 3.0749444961548 3.1534283161163 3.169322013855 3.1839787960052 3.2023983001709 2.9036717414856 2.8847932815552 2.9620752334595 3.0641579627991 3.117835521698 3.2176332473755 3.0859878063202 3.2070858478546 2.8661303520203 2.8328614234924 2.6036324501038 2.4302182197571 2.1365888118744 2.0740966796875 1.8020213842392
