MatLab_Code/anomaly_rtp_af.grd
DSAA
64 64
-31 32
-31 32
-26.8234 51.9981
[rows 29 to 57 of 64, columns 0 to 63 of 64]
-2.25232 -0.844015 -0.358169 1.15199 1.27553 0.27196 -0.770089 -0.0573494 0.352642 0.26739 0.768222 1.23441 1.62592 2.25145 1.66711 2.24342 4.39462 6.3886 9.8993 13.9824 19.8038 25.8444 31.3132 36.7292 40.7327 44.2176 46.4672 47.4156 47.7403 47.8366 47.8687 48.6666 49.1322 49.0091 47.4461 45.498 44.5686 41.8058 38.4476 34.4022 29.9165 23.8918 17.9898 12.8616 9.06106 5.19128 2.72056 0.999491 0.176194 -0.00628679 -0.292492 -0.136906 -0.605246 -0.919457 -0.915488 -1.364 -1.18744 -1.82108 -1.73537 -2.05483 -3.05804 -3.0363 -2.16035 -2.77372
-2.33417 -0.701423 -0.440918 0.632235 0.780268 0.122496 -0.681097 -0.461341 0.0365176 0.353076 0.680524 0.906029 1.24402 1.67011 1.2074 2.08085 3.75166 5.90848 9.62432 13.4247 19.4372 25.2 30.7345 35.8209 39.8226 43.2284 45.6461 46.529 47.6143 47.5094 47.3682 47.7997 48.6476 48.8153 47.0151 45.6073 44.5555 42.0556 38.4177 34.5296 29.7723 24.26 18.4265 13.3832 9.50342 5.80391 3.24191 1.52876 0.395702 0.633361 0.256798 0.554266 -0.463076 -0.703652 -0.61589 -1.32784 -0.88644 -1.51124 -1.58572 -1.64678 -3.42929 -2.85838 -2.40022 -3.0145
-1.90689 -0.765346 -0.704588 -0.0790742 0.107281 -0.217064 -0.48774 -0.7634 -0.119626 0.300437 0.303403 0.412405 1.25103 0.869693 0.893241 1.96947 2.88454 5.25658 9.25173 13.5235 18.912 24.5017 30.1287 35.4373 39.1792 42.45 44.968 46.2106 47.3932 47.4091 47.3107 47.4344 48.4073 48.5848 46.9061 46.0123 44.8931 42.3503 38.7 34.7679 29.9141 24.4863 18.9278 14.1993 10.2562 6.40104 3.91113 2.18083 0.960915 0.932599 0.821205 1.00246 -0.174758 -0.406082 -0.351234 -1.25425 -0.806351 -1.16246 -1.23699 -1.54229 -3.39157 -2.59918 -2.53816 -3.33253
-1.44525 -1.31831 -1.04834 -0.733351 -0.276 -0.198491 -0.327621 -0.961712 -0.5016 0.0439711 -0.170166 0.098177 0.73071 0.351 0.688035 1.76367 2.49766 4.79927 8.77662 13.1566 18.236 23.9337 29.825 35.3399 39.1145 42.2228 44.5466 46.5767 47.5715 47.7543 47.5141 47.2833 48.4924 48.7941 47.329 46.2045 45.2482 42.8007 39.1929 35.247 30.3497 24.8551 19.4225 14.6656 10.7914 6.88844 4.68397 2.71372 1.54099 1.38627 1.31629 1.16013 0.147282 -0.322663 -0.361908 -0.858012 -0.761509 -1.11588 -1.04028 -1.66378 -3.03311 -1.99388 -2.45661 -3.73882
-0.747237 -1.4459 -1.18341 -1.42053 -0.947437 -0.366298 -0.339263 -1.15957 -0.875554 -0.141455 -0.511397 -0.246249 0.295059 -0.1649 0.354223 1.23385 1.87988 4.4202 8.38251 12.8745 17.8166 23.9499 30.1177 35.4521 39.646 42.6579 44.7343 46.842 47.8675 48.2391 48.1069 47.5076 48.7371 49.2258 47.9437 46.6891 45.6937 43.2754 40.1347 35.9866 30.7649 25.2714 19.905 15.1964 11.3538 7.56968 5.44367 3.25319 2.27292 1.86927 1.52903 1.34282 0.699349 0.228048 -0.336517 -0.457457 -0.633924 -1.0555 -0.87402 -1.53809 -2.43368 -1.60678 -2.49675 -4.31047
-0.466682 -1.48207 -1.50153 -1.48908 -1.22827 -0.495052 -0.612212 -1.30984 -0.926037 -0.342818 -0.816662 -0.823966 0.0271044 -0.776216 -0.07432 0.728888 1.49925 4.0767 7.97225 12.3087 17.4303 23.9096 30.1172 35.8453 40.1895 43.2372 45.4732 47.1977 48.5022 48.9306 48.9191 48.2395 49.4452 50.0996 48.8064 47.5787 46.3084 44.258 41.2092 36.958 32.0243 25.8675 20.5558 15.5521 11.6557 8.32475 6.01638 3.75596 2.68265 2.14704 1.59949 1.66382 1.12209 0.848934 -0.0401663 -0.262933 -0.287645 -0.526878 -0.583866 -1.34242 -1.78308 -1.46352 -2.47073 -4.46807
-0.352697 -1.5364 -1.95764 -1.7417 -1.21275 -0.749432 -0.863736 -1.54385 -1.13793 -0.65702 -1.10086 -0.903396 -0.244349 -0.851228 -0.47056 0.233501 0.859871 3.73136 7.624 11.5651 17.1135 23.7013 30.4259 36.2579 40.8519 43.8827 46.3023 47.7981 49.23 49.6823 49.7803 49.4238 50.4659 51.2699 50.0959 48.3703 47.2438 45.4568 42.2747 38.03 33.132 26.6182 21.0719 15.5101 11.8163 8.71016 6.7875 4.44638 3.34401 2.51907 1.87595 2.16731 1.6048 1.38782 0.250288 -0.293903 -0.179559 -0.271549 0.00245883 -1.13939 -1.48081 -1.51362 -2.33315 -4.75528
-0.338528 -1.42675 -2.12576 -2.21868 -1.02918 -0.89473 -1.08097 -1.82263 -1.24202 -1.26904 -1.38728 -0.897587 -0.607335 -0.928209 -0.917008 -0.503447 0.258443 3.07295 6.92038 10.3777 16.7971 23.8316 30.9121 36.4254 41.4406 44.7472 46.7914 48.5051 49.827 50.3952 50.4586 50.0815 50.9543 51.9981 51.3007 49.013 48.0687 46.5337 43.3184 39.3608 34.1634 27.8073 21.1956 15.471 11.9219 9.06137 7.42792 5.18202 4.22739 3.2476 2.40285 2.55794 2.21665 1.92512 0.87469 -0.102709 -0.261895 -0.113437 0.0919789 -0.781548 -1.4798 -1.8119 -2.02131 -4.55788
-0.581191 -1.30449 -2.17498 -2.52159 -1.31289 -0.992142 -1.42662 -1.79414 -1.14821 -1.73884 -1.27092 -0.807468 -0.865283 -1.30504 -1.40901 -1.06535 -0.288064 2.42312 5.93301 9.55521 15.879 23.6686 30.8013 36.3867 41.3526 45.3889 47.1102 48.5964 49.7965 50.371 49.9442 50.1013 50.6732 51.8482 51.6069 49.5472 48.1526 46.8731 44.1691 40.4554 35.2477 28.5751 20.7591 15.3582 11.9615 9.22061 7.89467 5.82365 4.94057 4.07285 2.95331 3.06576 2.72216 2.09212 1.50374 0.207248 -0.19119 0.345742 0.504727 -0.777765 -1.33704 -1.71923 -1.57897 -4.00048
-1.05263 -1.40603 -2.22802 -2.49394 -1.42876 -1.15259 -1.7031 -1.85926 -1.34914 -1.9212 -1.16414 -0.738215 -0.926461 -1.67056 -1.55777 -1.57238 -0.729789 1.80946 4.93266 8.61177 14.3053 22.1906 29.6294 35.6732 40.0606 43.9553 45.8113 47.2441 47.5699 48.3842 47.9624 48.3321 48.9258 49.9994 49.9542 47.9328 46.5287 45.8134 43.8876 40.518 35.4766 28.389 20.1087 15.0463 11.5056 9.14355 8.31699 6.40793 5.41792 4.80349 3.77205 3.56932 2.99843 2.09809 1.74744 0.639593 0.091462 0.502055 0.584818 -0.71812 -0.993809 -1.50922 -1.26049 -2.35749
-1.38316 -1.79581 -2.39216 -2.17745 -1.52086 -1.66199 -1.98353 -1.74564 -1.53788 -1.58879 -1.4751 -1.0128 -1.06963 -1.92576 -1.5822 -1.92495 -1.03433 0.965289 3.77237 7.13932 12.0151 19.1769 26.0973 31.8301 35.6594 38.3557 40.4337 42.183 42.1991 42.7666 42.6687 43.2184 43.5841 44.3889 44.3129 42.564 41.8126 41.1958 40.0696 37.6121 32.9526 26.332 18.6248 14.0852 10.9501 8.91127 8.38803 7.03311 5.93734 5.40084 4.6451 4.04975 3.08859 1.89056 2.15924 1.03878 0.259326 0.744803 0.527827 -0.21712 -0.927753 -1.34007 -1.05947 -0.847704
-1.45062 -1.53411 -2.42325 -1.93768 -1.55642 -1.96658 -2.26988 -2.24032 -1.62554 -1.42957 -1.3874 -1.19569 -1.03833 -1.73841 -1.62717 -2.08397 -1.18702 0.220584 2.39478 5.31547 8.31234 13.3641 18.0965 22.0093 24.9553 26.7894 28.7413 30.3235 30.6433 30.9053 31.1541 31.4925 31.9249 32.3263 32.3039 30.8738 30.728 30.4285 29.8245 28.3592 25.0695 20.8183 15.2867 12.1581 10.3026 9.02911 8.46 7.63688 6.56125 5.63759 4.99887 4.16823 3.03942 1.991 2.28529 1.72216 0.608176 0.990132 0.745703 0.131925 -0.488179 -1.31224 -0.853875 -0.106218
-0.989255 -1.1554 -2.26628 -1.85486 -1.4947 -2.37005 -2.41511 -2.39099 -1.60031 -1.39428 -1.08142 -1.17529 -1.19032 -1.45877 -1.45295 -2.08986 -1.25899 -0.33619 0.974911 2.44403 3.15991 3.87158 4.68544 5.67004 7.36187 8.62477 9.95012 11.2087 11.4598 12.0608 12.2471 12.6529 12.6817 13.127 12.7141 12.2145 12.2968 12.3124 12.3182 12.3663 11.2942 11.447 10.2056 9.6503 9.51396 9.12459 8.51082 8.16071 7.67419 6.05346 5.07273 4.22973 3.1427 2.14072 2.28269 2.24402 1.14346 1.11779 1.07561 0.240781 0.0867554 -0.856615 -0.847814 -0.291378
-0.264906 -0.714032 -1.84229 -1.60668 -1.49352 -2.4893 -2.78576 -2.37204 -1.66171 -1.31059 -1.05354 -1.09192 -1.29426 -1.2829 -1.42409 -1.95707 -1.5696 -0.823262 -0.174074 -0.180927 -1.8776 -5.46949 -8.43621 -10.3673 -9.9538 -9.47814 -8.64562 -7.48433 -7.54903 -7.01509 -6.43718 -6.29773 -6.39726 -6.07524 -6.30543 -6.27683 -6.29916 -5.81323 -5.06096 -3.90485 -2.43646 1.689 5.35382 7.2388 8.00241 8.70992 8.45104 8.30675 8.24353 6.47029 5.21796 3.78418 3.20196 2.52143 2.36453 2.21325 1.59083 1.31275 1.43949 0.458407 0.382593 -0.350916 -0.531797 -0.907005
0.0523851 -0.478533 -1.16958 -1.48995 -1.63986 -2.40339 -2.55158 -2.37708 -1.51746 -1.3294 -1.22739 -0.994795 -0.89131 -1.08331 -1.34495 -1.67144 -1.64507 -1.40338 -1.20405 -2.15562 -5.54096 -11.0651 -15.8885 -19.4137 -20.5101 -20.101 -19.8915 -19.0347 -19.3681 -18.9167 -18.1149 -18.0454 -18.0944 -17.9159 -17.6603 -17.7653 -17.7969 -16.7854 -15.2372 -13.6695 -10.298 -4.2684 1.45138 5.58053 6.81756 7.97922 8.11925 8.30662 8.33892 6.63044 5.04556 3.50415 2.91969 2.91347 2.47888 2.12879 1.77825 1.74399 1.47739 1.11594 0.537845 0.0610348 -0.413036 -1.29582
0.420321 -0.399829 -0.701463 -1.32889 -1.25048 -2.3029 -2.53017 -2.2963 -1.35556 -1.45135 -1.18726 -0.958441 -0.392079 -0.705502 -0.954032 -1.66585 -1.75983 -1.78174 -1.99138 -3.66117 -7.56284 -13.1626 -18.7309 -22.6283 -24.5013 -24.2735 -24.4834 -24.4206 -24.8592 -24.1207 -23.358 -23.2242 -23.4098 -23.4818 -22.9701 -22.9647 -22.6319 -21.2812 -19.5841 -17.7247 -13.3693 -6.81296 -1.23145 4.20669 5.86355 7.43437 7.71997 7.91521 8.20832 6.77377 4.88029 3.46951 2.79868 3.26137 3.03315 1.99798 1.9993 2.27635 1.76868 1.62922 1.1624 0.552055 -0.551139 -1.54804
0.51089 0.0404724 -0.439332 -1.10539 -1.12602 -2.00673 -2.59798 -2.35834 -1.4931 -1.4825 -1.32785 -0.897146 -0.237504 -0.224032 -0.542648 -1.30557 -1.64496 -1.9681 -2.33789 -4.58873 -8.58073 -13.9166 -19.0827 -22.9806 -24.7251 -24.8231 -25.5922 -26.2771 -26.4896 -25.4672 -25.266 -24.707 -25.0885 -25.3241 -24.94 -24.2618 -23.565 -22.0741 -20.4101 -18.8741 -14.056 -7.74743 -2.6415 2.86463 5.12671 6.79591 7.16809 7.53331 7.95529 6.68447 5.309 3.54438 2.8556 3.46721 3.65104 2.08499 2.50716 2.53696 1.99943 1.65381 1.58642 1.10585 0.0545329 -1.45576
0.54351 0.531679 -0.439033 -0.871483 -0.956155 -1.6938 -2.69382 -2.62934 -1.45659 -1.62951 -1.4237 -0.631809 -0.151512 0.242937 -0.264914 -0.816982 -1.53208 -2.14723 -2.7327 -4.71064 -8.82569 -13.8533 -17.9841 -21.6935 -23.57 -23.7063 -24.9096 -25.6546 -25.8531 -25.267 -25.3097 -24.5164 -24.8374 -25.1346 -25.0755 -24.3073 -22.7847 -21.2465 -19.6211 -18.2482 -13.3629 -7.99421 -3.35358 1.69001 4.55861 6.17248 6.59029 7.50255 7.33162 6.40009 5.70028 3.93002 3.19845 3.50245 3.76243 2.45876 2.82394 2.65008 1.9836 1.62769 1.65844 1.50112 0.53093 -1.16644
0.295422 0.626625 0.0275509 -0.415637 -0.983934 -1.17097 -2.55173 -3.03896 -1.85284 -1.75485 -1.23227 -0.20478 0.290075 0.159053 -0.456014 -0.92997 -1.34721 -1.91968 -3.08757 -4.92776 -8.47812 -13.2498 -16.8267 -19.7791 -22.037 -22.536 -23.342 -24.4428 -24.4606 -24.3219 -24.3284 -23.8315 -23.733 -24.3444 -24.4649 -23.5251 -21.6473 -19.6908 -18.1282 -16.6658 -12.3672 -7.81923 -3.22402 0.820659 3.80693 5.58474 6.24118 7.13742 6.88724 6.05499 5.79073 4.1126 3.42838 3.69866 3.99955 3.0623 2.8282 2.61642 2.07337 1.90627 1.49754 1.57377 0.890609 -0.708111
0.488226 0.690697 0.615696 -0.309078 -1.18715 -1.07269 -2.17323 -3.04838 -2.41306 -2.04913 -1.0553 -0.205467 0.658183 0.135757 -1.16586 -1.14881 -1.29644 -1.52189 -3.54664 -5.08292 -8.09712 -12.2169 -15.5276 -17.8961 -20.6772 -21.3392 -21.7782 -22.982 -22.9098 -23.1761 -22.8811 -22.7165 -22.3413 -23.1415 -23.2256 -22.3169 -20.175 -18.2967 -16.4015 -15.2861 -11.722 -7.33873 -2.97132 0.432149 3.29628 4.9245 5.99453 6.54766 6.62586 6.10628 5.44448 4.39008 3.48975 3.94002 4.01934 3.41497 2.94883 2.66297 2.0568 2.09769 1.18764 1.8272 1.39696 -0.250671
0.743412 0.730007 0.826429 -0.0295015 -1.20035 -1.05999 -1.77307 -2.75545 -2.6026 -2.19806 -1.176 -0.402193 0.595295 0.19328 -1.78182 -1.55229 -1.39486 -1.39281 -3.62497 -5.15001 -7.55496 -11.3225 -14.5449 -16.4094 -19.2629 -20.1054 -20.4055 -21.2429 -21.5341 -22.0238 -21.5677 -21.3881 -21.1276 -21.7202 -22.0666 -20.7485 -19.0234 -17.218 -15.0797 -14.1441 -11.3071 -6.87216 -3.06661 -0.416379 2.50081 4.34215 5.60766 5.88617 6.25831 5.96344 5.02575 4.3819 3.93615 3.88883 3.75014 3.77518 3.125 2.69969 2.38837 1.9548 1.22844 2.07114 1.65994 0.147844
0.812784 1.09367 0.874637 0.107728 -1.17439 -1.26518 -1.50911 -2.52298 -2.44966 -2.07005 -1.15907 -0.131485 0.765743 -0.172473 -2.00291 -1.78883 -1.69295 -1.60343 -3.35344 -4.94656 -7.13829 -10.5583 -13.5042 -15.4219 -17.6147 -18.8504 -19.4423 -19.6675 -20.263 -20.7627 -20.5388 -20.098 -20.0304 -20.3929 -20.7834 -19.6919 -18.2267 -16.0867 -14.0991 -12.9044 -10.7494 -6.82898 -3.53218 -1.22375 1.78499 3.76655 4.94829 5.16842 5.64812 5.58393 4.66442 4.01028 3.709 3.4947 3.78399 3.82922 3.12221 2.67503 2.57284 1.95458 1.72505 2.06523 1.80937 0.823218
1.29661 1.11805 0.898461 0.131657 -0.993159 -1.30824 -1.43485 -2.01466 -2.24307 -1.56006 -0.993774 0.0280155 0.641628 -0.433543 -1.66266 -1.85159 -1.75721 -2.13922 -3.04641 -4.76622 -6.86654 -9.74301 -12.2431 -14.4206 -16.2211 -17.959 -18.5101 -18.2982 -18.9865 -19.1783 -19.7684 -19.1653 -18.8576 -19.4202 -19.2676 -18.9023 -17.3334 -15.0959 -13.4384 -11.7584 -10.0364 -6.76797 -3.85847 -1.43888 1.22935 3.07507 4.27457 4.46089 5.09218 5.32449 4.25465 3.46526 3.27162 3.42371 3.61966 3.29647 3.10225 2.52473 2.62661 2.15109 2.1333 2.23417 1.91634 0.877832
1.87947 0.974848 0.869619 0.33097 -0.920874 -0.979174 -1.42102 -1.66069 -1.62583 -1.05513 -0.930206 -0.0250436 0.681132 -0.415336 -1.52742 -1.76952 -2.2681 -2.61241 -2.98097 -4.67846 -6.58025 -9.17876 -11.4758 -13.5154 -15.1847 -17.0918 -17.3247 -17.2272 -17.5919 -18.217 -18.7536 -18.2883 -17.8836 -18.5284 -18.2574 -18.0701 -16.63 -14.389 -12.8116 -10.7605 -9.28735 -6.48141 -4.23318 -1.76996 1.01912 2.58175 3.26076 3.77562 4.84219 4.79594 3.97337 3.10051 3.31388 3.44625 3.41761 3.09285 2.68397 2.50114 2.82645 2.60548 2.44618 2.51643 1.91471 0.864028
2.20231 0.910416 0.840275 0.544935 -0.618212 -0.651558 -1.10668 -1.11001 -1.05181 -0.811231 -0.891782 -0.32064 0.588265 -0.346721 -1.24282 -1.68896 -2.72953 -2.61796 -3.28488 -4.86672 -6.35356 -8.84935 -10.8356 -12.7842 -14.5347 -16.1211 -16.5009 -16.4188 -16.632 -17.3458 -17.7015 -17.4194 -17.0753 -17.8147 -17.3938 -17.1801 -16.0023 -13.9229 -12.2356 -10.2651 -8.65287 -6.48846 -4.31594 -1.98689 0.707384 2.0816 2.08197 3.13058 4.15053 4.26002 3.90197 3.10412 2.9355 3.51831 3.19296 2.74982 2.2327 2.5235 3.12993 3.03084 2.45817 2.3919 1.80598 0.940645
2.29461 1.03426 0.792979 0.585673 -0.0685119 -0.291317 -0.324412 -0.515026 -0.77291 -0.554393 -1.00841 -0.39255 0.156479 -0.473283 -1.13517 -1.84298 -2.49578 -2.71585 -3.73358 -4.95957 -6.12265 -8.48642 -10.1044 -12.1636 -13.8037 -15.0065 -15.85 -16.1012 -16.1824 -16.4868 -16.817 -16.7503 -16.7722 -17.219 -16.8344 -16.3116 -15.2842 -13.8772 -11.7885 -9.94681 -8.15867 -6.59555 -4.01366 -2.01777 0.250878 1.40963 1.28127 2.55931 3.28553 4.05178 3.92903 3.1449 2.74738 3.3555 2.90483 2.49168 2.27955 2.67463 3.06249 3.15544 2.39041 2.04959 1.75737 1.36158
2.34602 1.04741 0.446649 0.312757 0.172559 0.016102 -0.0829906 -0.176552 -0.336056 -0.358261 -0.90766 -0.243796 -0.122279 -0.68755 -1.26736 -2.14098 -2.73409 -2.92004 -3.98841 -4.96004 -5.8284 -8.08047 -9.22537 -11.4841 -13.1121 -14.0196 -15.1394 -15.3977 -15.7615 -16.0933 -16.0204 -16.0644 -16.3738 -16.7791 -16.3076 -15.4594 -14.6625 -13.7012 -11.5163 -9.67317 -8.41215 -6.93654 -4.01742 -2.11404 -0.494739 0.658072 1.1169 2.20776 2.85954 3.90624 3.71989 2.73232 2.95254 3.44273 2.86303 2.46976 2.53931 2.76976 2.80924 3.12539 2.39902 1.55555 1.59103 1.75681
2.34869 1.06099 0.545227 0.412263 0.321437 0.0347763 0.289716 0.0709604 -0.0959774 -0.222131 -0.37626 -0.169408 -0.346212 -0.537266 -1.11208 -2.18975 -2.77072 -3.25669 -4.09097 -4.70601 -5.8049 -7.77884 -8.76867 -10.7871 -12.4918 -13.3974 -14.4081 -14.6076 -15.2718 -16.1325 -15.3898 -15.2638 -15.7574 -16.2824 -15.9361 -14.6615 -14.3678 -13.3505 -11.298 -9.25758 -8.6361 -6.85216 -4.49407 -2.2836 -1.28635 0.00439099 0.702436 1.93813 2.43338 3.34013 3.36742 2.26619 2.9302 3.44027 2.86274 2.46378 2.48786 2.88075 2.7602 3.28995 2.59346 1.48444 1.66247 2.00609
2.00422 0.92532 0.697466 0.524621 0.396659 0.364648 0.934958 0.59987 -0.0248238 -0.290225 0.0700429 -0.0385562 -0.798751 -0.619083 -0.657485 -1.9276 -2.71964 -3.37565 -4.14184 -4.3393 -6.04101 -7.74055 -8.58645 -10.368 -11.8953 -12.8664 -13.7783 -14.1166 -14.8461 -15.9054 -14.9011 -14.6132 -15.0165 -15.5846 -15.3041 -13.9749 -14.0993 -12.9806 -11.2354 -8.92874 -8.3548 -7.15336 -4.80533 -2.77466 -1.85282 -0.475188 0.338514 1.7418 2.21294 2.57255 2.78334 1.99352 2.81225 3.4486 2.71174 2.46989 2.4365 2.92525 2.69667 3.36531 2.43007 1.42718 1.65352 2.40481
