MatLab_Code/anomaly_rtp_pi.grd
DSAA
64 64
-31 32
-31 32
-25.6085 41.7249
[rows 0 to 27 of 64, columns 0 to 63 of 64]
1.46197 0.467308 -0.115225 -0.672077 -0.318261 0.0847466 0.530297 0.375445 -0.314039 -0.529776 -0.491135 -0.0784733 -0.450293 -0.810996 -0.859186 -1.34662 -1.74598 -2.26377 -3.05227 -3.37323 -3.63313 -3.88274 -4.18896 -4.64107 -4.728 -5.40504 -5.71909 -5.9121 -6.5306 -7.13183 -7.47904 -7.31966 -6.87204 -6.68695 -6.97556 -6.85842 -6.47479 -5.75291 -5.4423 -4.66277 -4.16561 -3.46942 -3.02784 -2.26155 -1.75476 -1.72025 -1.37056 -0.788511 -0.762817 -1.23054 -1.14706 0.283543 0.654654 0.390189 0.131235 -0.375958 -1.16362 -1.28642 -1.0252 -0.315786 -0.217792 0.244477 0.463503 0.3223
1.37263 0.329831 -0.236481 -0.884749 -0.688389 -0.0185532 0.557104 0.6355 -0.291843 -0.309247 -0.282045 -0.263041 -0.553678 -0.834761 -1.21477 -1.37262 -1.72615 -2.52846 -3.39426 -3.86851 -4.1204 -4.27023 -4.36067 -4.72668 -5.23598 -5.78395 -6.22053 -6.44173 -6.76767 -7.51535 -7.67353 -7.54361 -7.26685 -7.00658 -7.39181 -7.22384 -6.71482 -6.09011 -5.72226 -5.03989 -4.21112 -3.76673 -3.0565 -2.24943 -1.7154 -1.57265 -1.55094 -1.1403 -1.06611 -1.71318 -1.50023 -0.104715 0.314328 0.081675 0.0862091 -0.511081 -1.08177 -1.15502 -1.00133 -0.120525 0.289304 0.602714 0.63104 0.801646
1.31882 0.246834 -0.288922 -1.04695 -0.717041 0.277897 0.433419 0.576366 -0.0390467 -0.21392 -0.219587 -0.34758 -0.869278 -0.898578 -1.3671 -1.42821 -1.86042 -2.76616 -3.38062 -4.10785 -4.30995 -4.63389 -4.86725 -5.05501 -5.71444 -6.10793 -6.49883 -6.73862 -7.14048 -7.78719 -7.97219 -7.90048 -7.77499 -7.59645 -7.72378 -7.53399 -7.0351 -6.50623 -6.05145 -5.45295 -4.65149 -4.21089 -3.05224 -2.30158 -2.11554 -1.71424 -1.75409 -1.47353 -1.44921 -1.70316 -1.41687 -0.241973 0.305053 0.0550239 -0.115058 -0.769502 -1.01629 -1.1054 -0.920873 -0.168904 0.521981 0.768581 0.87441 1.36436
1.09909 0.424687 -0.33228 -1.17614 -0.415539 0.678247 0.588208 0.673841 0.327958 0.0642569 -0.267119 -0.417507 -0.902667 -0.980595 -1.17051 -1.37714 -1.87164 -2.88793 -3.4408 -4.07967 -4.46421 -4.84035 -5.27887 -5.44887 -6.13156 -6.44165 -6.77259 -7.24956 -7.46285 -7.90128 -8.11909 -8.40135 -8.20496 -8.2524 -8.08105 -7.72997 -7.33416 -7.09795 -6.21132 -5.74396 -5.16527 -4.30788 -3.06256 -2.62613 -2.47993 -1.85959 -2.02212 -1.59404 -1.34447 -1.49051 -1.12318 -0.235349 0.240765 0.00449187 -0.408321 -0.786213 -1.02206 -1.18842 -0.814248 -0.174163 0.732397 0.917542 1.10913 1.8711
0.493381 0.447701 -0.285374 -0.970876 -0.184359 0.73604 0.584624 0.660869 0.516958 0.208799 -0.173219 -0.535433 -0.730486 -0.933949 -1.06359 -1.36153 -2.02734 -2.87883 -3.72223 -4.2159 -4.55796 -5.21399 -5.65632 -6.00452 -6.34647 -6.95532 -7.23592 -7.68343 -8.06847 -8.21982 -8.54059 -9.214 -8.92169 -8.73245 -8.42099 -8.28022 -7.83737 -7.48796 -6.42715 -6.01919 -5.7251 -4.57449 -3.27661 -2.89386 -2.86056 -2.36395 -2.20225 -1.54779 -1.00484 -1.05443 -0.926088 -0.352189 0.0972981 0.220047 -0.403601 -0.59013 -0.612644 -0.818665 -0.572495 -0.107764 0.69075 0.728157 1.25267 2.50942
0.313809 0.251566 0.0434004 -0.426683 -0.120482 0.577546 0.621131 0.854307 0.799864 0.357483 0.0555755 -0.322096 -0.557893 -0.753605 -0.957941 -1.34693 -2.03122 -2.83667 -3.7111 -4.62479 -4.77301 -5.50905 -5.90945 -6.1781 -6.36484 -7.06788 -7.63514 -8.39508 -8.63825 -8.84712 -8.98212 -9.97634 -9.73387 -9.27831 -8.68289 -8.85072 -8.53175 -7.77183 -7.08981 -6.49634 -5.91718 -4.81988 -3.24744 -3.1151 -3.17807 -2.96452 -2.42018 -1.79206 -0.883495 -0.82093 -0.941981 -0.440209 0.139127 0.17118 -0.18089 -0.517628 -0.306917 -0.603363 -0.326061 0.161404 0.399417 0.590045 1.22658 2.63916
0.614071 0.291783 0.326091 -0.175533 0.0218973 0.627405 0.67611 0.983576 0.908569 0.510303 0.0316382 -0.0315555 -0.462586 -0.589003 -0.677033 -1.28109 -1.83444 -2.77658 -3.82629 -4.85114 -5.08935 -5.62255 -6.27489 -6.45438 -6.63267 -7.2774 -8.1851 -8.95386 -9.38839 -9.4946 -9.59682 -10.641 -10.7172 -9.83994 -9.33454 -9.34393 -9.24302 -8.47936 -7.81348 -7.05336 -6.21276 -5.01874 -3.54897 -3.38274 -3.19764 -3.01945 -2.54673 -1.83155 -0.776619 -0.729331 -0.951115 -0.348927 0.170791 0.0270028 -0.0684982 -0.260832 -0.0170217 -0.533484 -0.0418392 0.233608 0.0878031 0.543577 1.11538 2.0402
1.1795 0.757395 0.419445 0.126739 0.151412 0.646998 0.469017 0.510349 0.669875 0.667936 0.066619 0.0176689 -0.434458 -0.325489 -0.371846 -1.16223 -1.88108 -2.96151 -3.99308 -4.8449 -5.40178 -5.76644 -6.69667 -7.10733 -7.10359 -7.9885 -8.80109 -9.57234 -10.4528 -10.278 -10.4917 -11.2473 -11.5202 -10.7059 -10.2399 -9.97807 -10.091 -9.43521 -8.34096 -7.36362 -6.6623 -5.43326 -4.18584 -3.54188 -3.31084 -2.93178 -2.23528 -1.99153 -0.857658 -0.744083 -0.826657 -0.28177 0.0229732 -0.0351434 -0.173313 -0.319892 -0.103884 -0.344477 0.203133 0.236765 -0.148005 0.554728 0.991291 1.20282
1.58728 0.990019 0.644578 0.20819 0.198971 0.340669 0.321415 0.345688 0.625289 0.741894 0.225509 0.0113747 -0.148334 -0.177253 -0.260583 -1.26228 -2.03074 -3.05151 -4.05776 -5.01872 -5.62284 -5.97669 -6.95326 -7.82761 -8.01459 -8.85422 -9.70607 -10.4175 -11.362 -11.2455 -11.2578 -11.968 -12.1927 -11.5862 -11.2671 -11.0087 -10.8007 -10.1876 -8.99424 -7.87347 -7.03113 -5.82897 -4.73182 -3.65915 -3.34421 -2.80666 -1.93911 -1.94177 -0.834973 -1.00135 -0.709926 -0.375419 -0.00412674 -0.0349804 -0.0235295 -0.510633 -0.402837 -0.378091 0.249081 0.359455 0.0940581 0.838829 1.02689 1.11776
1.39076 1.26237 0.73474 0.109136 0.385686 0.477665 0.401488 0.607842 0.628581 0.629552 0.304892 0.169249 0.0931427 -0.0845908 -0.166802 -1.0138 -1.68587 -2.6367 -3.77388 -5.10952 -5.80204 -6.13752 -7.27061 -8.24828 -8.86404 -9.93883 -10.8637 -11.4637 -12.21 -12.0856 -12.3466 -12.9 -12.8271 -12.6934 -12.2004 -11.9779 -11.656 -10.9526 -9.64406 -8.55649 -7.43412 -6.0341 -5.1142 -4.04781 -3.45061 -2.48745 -1.74287 -1.43379 -0.847301 -0.786004 -0.823468 -0.518313 0.0469832 0.0952108 -0.0169224 -0.680662 -0.587561 -0.481331 0.194457 0.319197 0.437583 0.922608 1.06276 1.13983
1.03805 1.26252 0.763398 0.403018 0.419006 0.664758 0.688793 0.729279 0.683715 0.709546 0.662126 0.263366 0.372551 0.369413 -0.0802746 -0.598861 -1.27014 -2.18941 -3.51248 -5.01426 -6.00466 -6.6271 -7.84362 -8.74438 -9.71935 -10.8188 -11.9414 -12.6393 -13.1659 -13.3862 -13.3268 -13.5274 -13.6795 -13.679 -13.235 -12.857 -12.8572 -11.8301 -10.3504 -9.33134 -7.79911 -6.33662 -5.55587 -4.56638 -3.30334 -2.56808 -1.67157 -1.02785 -0.8139 -0.733792 -0.739042 -0.363103 0.035292 0.0780812 0.119744 -0.625409 -0.579894 -0.387989 0.0154819 0.300576 0.280428 0.728039 1.01559 1.38609
0.888648 1.05538 0.890457 0.529173 0.597092 0.800602 0.653256 0.723149 0.99791 1.04471 1.04802 0.689232 0.659941 0.412864 0.414765 -0.275159 -1.14614 -2.17295 -3.70129 -5.11168 -6.27759 -7.25612 -8.67219 -9.55765 -10.7717 -11.8139 -13.1551 -13.9996 -14.5311 -14.609 -14.5903 -14.7095 -14.902 -14.7687 -14.4081 -14.1007 -13.7716 -13.0211 -11.6019 -10.3897 -8.65785 -6.76574 -5.93316 -4.85861 -3.51278 -2.75843 -1.61727 -1.07601 -0.925121 -0.816164 -0.548066 0.0780546 0.202599 0.0399733 0.06502 -0.407761 -0.349097 -0.322595 -0.0135216 0.30911 0.187382 0.258377 0.929202 1.68014
0.40299 0.746072 1.08701 0.817949 0.691703 0.84282 0.505234 0.895199 1.43418 1.1243 1.18021 1.01351 0.886309 0.81569 0.800899 -0.0337343 -1.01114 -2.06073 -3.60614 -5.0839 -6.54526 -7.93391 -9.40905 -10.61 -11.9736 -12.895 -14.4541 -15.4064 -15.8074 -16.1434 -16.0927 -16.3101 -16.4605 -16.2445 -16.0314 -15.6701 -14.9995 -14.321 -12.8274 -11.4571 -9.65385 -7.60915 -6.28012 -4.94736 -3.47648 -2.65014 -1.75784 -1.10871 -0.736461 -0.578651 -0.218051 0.287945 0.431295 0.135066 0.137976 -0.0688514 -0.17282 -0.358298 -0.0260764 0.272758 0.366955 0.344764 1.16675 1.82104
0.062318 0.540689 0.977034 0.624907 0.806845 1.01655 0.821569 1.21715 1.81973 1.45784 1.40521 1.3705 1.23879 1.24426 1.13788 0.291699 -0.877633 -1.80011 -3.28911 -4.98651 -6.82673 -8.60505 -10.3578 -11.8741 -13.2918 -14.3109 -15.7623 -16.7461 -17.192 -17.79 -17.6422 -17.8282 -18.3277 -17.9567 -17.7747 -17.3424 -16.7266 -15.848 -14.2505 -12.8186 -10.9346 -8.85577 -6.82218 -5.02022 -3.28463 -2.42671 -1.7794 -0.798716 -0.365371 -0.153413 0.164803 0.380721 0.408557 0.296835 0.148306 0.0552019 -0.032005 -0.0374919 0.0503832 0.0210216 0.465678 0.51418 1.13078 1.92737
-0.0845831 0.532681 0.907808 0.737595 0.901581 1.03339 1.23252 1.26921 1.71574 1.58253 1.6495 1.82205 1.59688 1.68577 1.3082 0.689643 -0.327963 -1.38149 -2.74457 -4.67764 -7.03829 -9.43544 -11.4492 -13.4692 -14.9887 -16.2815 -17.3819 -18.2237 -18.9879 -19.5258 -19.4967 -19.5924 -20.1678 -20.0053 -19.6422 -19.2878 -18.6411 -17.6348 -15.9973 -14.3613 -12.2894 -9.78925 -7.51154 -5.37647 -3.4161 -2.21878 -1.56294 -0.510992 0.145791 0.0790053 0.522595 0.696337 0.264225 0.0583711 -0.0454494 0.00103307 -0.0612226 0.121635 0.282779 0.132335 0.64833 0.746419 1.03934 1.47223
-0.0652597 0.412203 0.914897 1.10376 1.25962 1.04676 1.30207 1.48676 1.5328 1.84659 2.09043 2.24529 1.99345 1.97326 1.52255 1.05067 -0.0380178 -1.07492 -2.31162 -4.44365 -7.47471 -10.2011 -12.7195 -14.9502 -16.8795 -18.4192 -19.0748 -19.8619 -21.1497 -21.5306 -21.4894 -21.5398 -22.0193 -22.0551 -21.5749 -21.3462 -20.8396 -19.7459 -17.8433 -16.0209 -13.8441 -10.7086 -7.96429 -5.53145 -3.56757 -2.10245 -1.42223 -0.232176 0.524518 0.337078 0.679589 0.707794 0.378006 0.134006 -0.214078 -0.0925127 0.176403 0.342794 0.406505 0.344507 0.792929 0.933487 0.773642 1.02961
-0.281624 0.147071 0.876143 0.985954 1.39996 1.32204 1.44252 1.72884 1.62224 2.06113 2.28272 2.2414 2.21529 2.54158 2.0216 1.2607 0.15983 -0.558537 -1.70001 -4.32549 -7.4071 -10.9517 -14.0553 -16.3245 -18.5724 -20.3406 -21.0462 -21.8088 -23.0288 -23.2776 -23.0785 -23.2194 -23.6866 -24.1537 -23.7937 -23.4338 -22.8991 -21.7355 -19.8009 -17.7165 -15.2408 -11.4768 -8.27545 -5.45358 -3.35167 -2.08867 -1.01375 0.154147 0.709226 0.759329 0.5819 0.728253 0.483622 0.0657782 -0.0106147 0.00676063 0.190461 0.418706 0.637613 0.614061 0.799024 0.807092 0.42129 0.507424
-0.0203702 0.114755 0.73545 1.13905 1.14542 1.53765 1.69199 2.04541 1.84027 2.14192 2.5363 2.32419 2.61456 2.98145 2.45587 1.86011 0.917255 0.0364121 -1.06638 -3.65332 -6.8475 -11.0527 -14.8142 -17.7037 -19.9775 -21.7371 -22.7 -23.4283 -24.3394 -24.6935 -24.2647 -24.5113 -25.153 -25.6085 -25.4785 -25.0239 -24.3581 -23.2409 -21.4406 -19.219 -16.3627 -11.9241 -8.29038 -5.35576 -3.07843 -1.92344 -0.493506 0.695866 1.06423 1.0199 0.592582 0.667068 0.55672 0.304794 0.0109132 0.222605 0.437282 0.407635 0.390611 0.35229 0.628421 0.812676 0.140119 0.00737183
0.279541 0.298317 0.727965 1.28484 1.22575 1.6101 1.73933 2.31416 2.23545 2.25752 2.63765 2.64056 2.9347 3.16064 2.93438 2.54082 1.97188 1.04693 0.0209682 -2.34649 -5.79646 -10.4713 -14.6827 -18.0114 -20.1832 -21.6225 -22.5225 -23.1766 -24.0358 -24.3376 -24.0235 -24.1688 -24.8938 -25.0174 -25.0836 -24.6153 -24.0619 -23.2263 -21.7489 -19.6386 -16.2479 -11.8052 -7.72786 -4.61448 -2.47663 -1.26779 0.0136222 0.89202 1.30425 1.24695 0.797593 0.722342 0.653218 0.512565 0.11132 0.202645 0.658871 0.213108 -0.037975 0.104344 0.26054 0.449771 0.282012 -0.369833
0.191361 0.381405 0.720707 1.25642 1.31427 1.57254 1.79273 2.18537 2.14392 2.44435 2.69175 2.88883 3.11962 3.22502 3.24646 3.06991 2.8079 2.41507 1.37791 -0.61355 -3.38862 -8.13975 -12.5558 -15.5338 -17.4312 -18.4207 -19.1067 -19.4647 -20.1303 -20.1795 -20.1161 -20.3965 -20.9792 -21.034 -21.1552 -20.7812 -20.1956 -19.8552 -18.9623 -17.0748 -14.1322 -9.98462 -5.80078 -3.07091 -1.39914 -0.284728 0.807626 1.22416 1.24986 1.4907 1.04877 0.975655 0.793374 0.664733 0.130821 0.298601 0.548766 -0.10606 -0.138746 -0.1396 0.0624579 0.169688 0.451605 -0.0683188
0.199294 0.560789 0.699607 1.18283 1.36023 1.64044 1.76918 1.96332 2.29991 2.75733 2.95395 3.08107 3.15561 3.41959 3.403 3.3336 3.66406 3.55344 3.14673 2.1339 0.596103 -2.48013 -5.93077 -7.38283 -8.42257 -8.82413 -9.19519 -9.47305 -9.8697 -9.76545 -9.65855 -9.80801 -10.3622 -10.5471 -10.6884 -10.4026 -10.3095 -10.5522 -10.1802 -8.83333 -7.39743 -4.83713 -2.00077 -0.41127 0.339312 0.932148 1.51434 1.54406 1.36822 1.60615 1.23951 1.05449 0.804265 0.841788 0.207301 0.469948 0.078923 -0.345476 -0.2479 -0.407024 -0.290723 0.0541713 0.25384 0.359955
0.239229 0.642511 0.688157 0.965596 1.56952 1.74787 1.72055 1.6941 2.28797 2.76663 2.9046 2.96029 3.1142 3.52103 3.55542 3.44446 4.32792 4.75397 5.22666 5.58048 6.14 6.35796 6.46367 7.31631 7.67028 8.00659 8.02909 7.77544 7.47519 7.94659 8.17798 8.08647 7.33541 7.23894 7.0865 7.27922 6.69459 6.11556 5.85773 5.69182 4.95733 4.12975 3.48253 2.8089 2.22923 2.11595 2.1832 1.82876 1.40232 1.3998 1.23391 0.966203 0.922006 0.691415 0.478911 0.337547 0.152988 -0.411398 -0.417844 -0.318303 -0.341946 0.122089 0.361351 0.189755
0.168167 0.808396 0.682204 0.926188 1.43978 1.68895 1.70763 1.60258 1.94586 2.35886 2.54833 3.08876 3.35682 3.79158 4.01109 3.99765 4.92946 5.72153 6.95062 8.75213 11.5169 15.0561 18.9614 21.8997 23.9615 24.7468 25.1383 25.0966 25.3465 25.7876 26.008 25.9552 25.0885 25.055 24.8325 24.8239 23.9281 22.7221 21.964 20.1063 17.1783 13.1391 9.18338 6.18011 4.1796 3.1469 2.70515 2.1571 1.53849 1.39355 1.06778 1.0312 0.846853 0.726345 0.765517 0.681504 0.357769 -0.466273 -0.371058 -0.0519913 -0.311694 0.0571885 0.39914 0.0757991
-0.012841 0.663443 0.662605 0.909644 1.32666 1.72022 1.70619 1.59995 1.69605 2.04471 2.33258 3.11227 3.5335 4.13218 4.59165 4.75448 5.5033 6.57824 8.53142 11.1964 15.3142 20.3671 25.8513 30.168 33.0615 34.1838 35.0487 35.5936 36.0484 36.4041 36.5624 36.54 35.7542 35.6338 35.5937 34.9833 34.0961 32.3499 31.133 28.2383 24.1132 18.6112 13.2964 9.00204 6.08851 4.24812 3.4413 2.70302 2.01408 1.47574 1.0198 1.21545 1.1229 0.788424 1.04315 0.843473 0.26056 -0.3983 0.00824516 0.100849 -0.270828 0.0396444 0.349294 -0.0261779
0.0706837 0.433159 0.706905 1.23168 1.62923 1.74192 1.8465 1.38434 1.59867 1.94682 2.25644 2.89245 3.50067 4.14454 4.81483 5.23417 5.96267 7.15476 9.6368 12.8516 17.2748 22.6748 28.2607 32.9961 36.0254 37.7254 38.7831 39.5642 40.1703 40.5414 40.8492 40.836 40.2426 40.0885 39.8731 39.0831 37.7079 36.0847 34.2526 30.8957 26.6296 21.0999 15.6594 11.1496 7.82242 5.3505 4.39995 3.38571 2.39857 1.65691 1.02805 1.30641 1.39145 0.855362 1.10933 0.858821 0.381973 -0.0666758 0.131048 0.0415445 -0.106799 -0.185147 0.140192 0.0178953
-0.000200508 0.4101 0.779573 1.64423 1.7949 1.76061 1.74472 1.2071 1.60036 1.7224 2.08181 2.96943 3.49837 4.00497 4.80622 5.26707 6.52388 7.49644 10.1314 13.5297 18.0829 23.0491 28.0398 32.8531 36.0162 38.1191 39.1098 39.841 40.4695 41.0649 41.666 41.5257 41.3156 41.0947 40.388 39.555 38.1501 36.4648 34.3094 31.3196 26.7775 21.9073 16.7855 12.407 8.81701 6.27655 4.86657 3.72273 2.72998 1.74005 1.23822 1.49088 1.57833 1.01757 0.94366 0.994101 0.425172 0.163978 0.0362703 -0.206545 -0.247909 -0.513977 -0.312637 0.11563
0.359001 0.492202 1.01912 1.87417 1.97692 1.60133 1.35209 1.30843 1.64549 1.85335 2.1391 2.93246 3.7255 4.00423 4.93458 5.33388 6.59017 8.06831 10.6554 14.1151 18.1635 22.7179 27.2191 31.5144 34.6611 37.0006 38.3154 38.7403 39.3099 40.0542 40.7483 40.7943 40.6137 40.205 39.4464 38.4695 37.1645 35.378 33.2223 30.1793 26.1195 21.6627 17.0597 13.0649 9.63397 6.95371 5.40382 4.32747 3.04182 1.99734 1.44251 1.52746 1.82713 1.41682 1.101 1.0878 0.587691 0.293481 0.037399 -0.204179 -0.142843 -0.389136 -0.329537 0.102568
0.462988 0.690776 1.08692 1.86221 2.15246 1.58762 1.17824 1.49955 1.65409 1.9499 2.43364 2.99304 3.66828 4.09764 4.79008 5.28241 6.70345 8.55558 10.798 14.1545 17.8713 22.1402 26.2984 30.1296 33.0244 35.5738 37.1426 37.4836 37.8879 38.5638 39.2211 39.4887 39.3094 39.0427 38.2011 37.1547 35.8736 33.9898 31.6341 28.8926 25.2665 21.2467 16.8628 13.3389 10.2304 7.55675 5.77896 4.6818 3.37493 2.41142 1.91731 1.58121 1.8966 1.48544 1.19456 1.20889 0.554463 0.221082 0.0502581 0.164818 0.0599126 -0.348849 -0.25073 -0.106723
