MatLab_Code/anomaly_rtp_pi.grd
DSAA
64 64
-31 32
-31 32
-25.6085 41.7249
[rows 28 to 55 of 64, columns 0 to 63 of 64]
0.138402 0.660779 1.00639 1.796 2.02162 1.60088 1.14826 1.51724 1.82139 1.95228 2.51497 2.88886 3.5183 4.29567 4.55595 5.1571 6.84596 8.57863 10.8397 14.0103 17.579 21.4664 25.1198 28.7843 31.7202 34.022 35.6481 36.2549 36.6011 37.0748 37.699 38.268 38.1956 38.0539 37.0346 35.5834 34.4978 32.5619 30.3126 27.6045 24.5198 20.5771 16.5847 13.4705 10.7545 7.91549 6.2167 4.83091 3.7842 2.99247 2.36232 2.05727 1.87011 1.3685 1.10355 1.01225 0.752184 0.33902 0.346079 0.134076 -0.167188 -0.279943 -0.00500177 -0.215614
-0.106225 0.687686 0.993532 1.90876 1.99307 1.44639 0.91675 1.42003 1.80577 1.928 2.41258 2.98607 3.54098 4.19795 4.30087 5.13144 6.88865 8.53513 10.995 13.661 17.2345 20.9452 24.3268 27.7159 30.2766 32.6172 34.3178 35.3247 35.8811 36.2178 36.4194 36.9773 37.2895 37.1065 35.9516 34.4774 33.5498 31.5949 29.3812 26.833 24.018 20.3094 16.6569 13.4169 10.9235 8.34326 6.47254 5.00618 4.05391 3.47715 2.89498 2.5999 1.99788 1.52451 1.31301 0.891183 0.851505 0.411655 0.38553 0.125247 -0.485278 -0.493173 -0.0289197 -0.425603
-0.114712 0.802127 0.987057 1.61998 1.75749 1.45463 1.06049 1.27494 1.7227 2.15314 2.59271 2.99056 3.4814 4.11233 4.30134 5.29142 6.75746 8.46503 10.9282 13.3673 17.0549 20.5806 23.9378 27.0159 29.5524 31.8045 33.5284 34.416 35.4459 35.6979 35.7751 36.0566 36.5464 36.5556 35.2632 34.1058 33.1484 31.4056 29.0725 26.6294 23.6744 20.3076 16.6927 13.5074 10.997 8.56087 6.72769 5.27362 4.12561 3.80774 3.15144 2.94278 2.06146 1.62285 1.43621 0.896116 1.02922 0.564197 0.44272 0.348913 -0.73884 -0.437503 -0.225375 -0.581331
0.177275 0.794787 0.798578 1.18891 1.35107 1.25754 1.22088 1.2113 1.7717 2.23333 2.46996 2.83079 3.70129 3.83757 4.31398 5.41559 6.3922 8.19828 10.8656 13.6113 16.8654 20.2298 23.5993 26.8115 29.1454 31.2968 33.0813 34.143 35.1814 35.5184 35.6547 35.7535 36.229 36.1814 34.9916 34.1881 33.211 31.4143 29.0796 26.5915 23.6077 20.2607 16.8491 13.9032 11.3645 8.81461 7.01697 5.57685 4.38288 3.8451 3.35405 3.11016 2.144 1.76015 1.54428 0.849714 1.01843 0.756185 0.643052 0.373942 -0.748582 -0.346924 -0.306486 -0.752769
0.361127 0.378938 0.519307 0.825923 1.21715 1.35874 1.37343 1.17021 1.60126 2.1013 2.24987 2.7339 3.46604 3.69499 4.35835 5.46697 6.38067 8.09783 10.7208 13.4665 16.6016 20.0427 23.5888 26.9642 29.3324 31.3844 33.0803 34.6332 35.552 35.9099 35.9141 35.7924 36.3946 36.4121 35.3054 34.3019 33.4262 31.7139 29.3235 26.8284 23.8362 20.4117 17.0407 14.0317 11.5305 8.95621 7.30319 5.71694 4.54156 3.98081 3.49105 3.04113 2.13605 1.62848 1.43404 1.01466 0.969472 0.682834 0.665372 0.233563 -0.577839 0.0499487 -0.187749 -0.960989
0.759883 0.343984 0.475256 0.381329 0.784582 1.24282 1.39897 1.07902 1.4089 2.03354 2.1059 2.59101 3.25528 3.45308 4.211 5.20069 6.05857 7.99587 10.658 13.5154 16.6443 20.4279 24.2002 27.4446 30.1451 32.1976 33.7216 35.2671 36.1852 36.6251 36.6775 36.313 36.8827 36.9822 35.9633 34.8601 33.9264 32.1755 30.051 27.3648 24.0547 20.6408 17.2773 14.2937 11.7931 9.20613 7.54343 5.79818 4.76973 4.06767 3.41053 2.96481 2.31937 1.84981 1.37453 1.18705 0.969772 0.607198 0.688484 0.298221 -0.249928 0.259287 -0.222887 -1.34203
0.858483 0.292324 0.351861 0.436114 0.674949 1.17385 1.22679 1.01297 1.4611 1.9664 1.93546 2.21727 3.08695 3.041 3.92627 4.91862 5.89003 7.8564 10.5423 13.3987 16.7117 20.7587 24.6158 28.2305 31.0858 33.2562 34.9161 36.2269 37.2753 37.7348 37.8339 37.4204 37.9806 38.1106 37.0485 35.9708 34.8128 33.2176 31.0483 28.2245 25.0323 21.1204 17.6978 14.4891 11.8526 9.44672 7.57983 5.74167 4.63766 3.90275 3.2018 2.94435 2.39523 2.08507 1.49273 1.24887 1.15873 0.943296 0.824895 0.393435 0.116703 0.287929 -0.246911 -1.43453
0.846115 0.187605 0.0796094 0.328444 0.71109 1.02859 1.07504 0.860019 1.30791 1.79717 1.77644 2.18641 2.93552 2.99111 3.65949 4.55977 5.41075 7.62651 10.4195 13.1973 16.7994 20.9913 25.3215 29.1704 32.2547 34.4765 36.3268 37.5405 38.6151 39.07 39.2314 39.0717 39.5364 39.7066 38.6481 37.2468 36.1529 34.609 32.2107 29.2251 25.9229 21.7067 18.054 14.3886 11.7287 9.34918 7.72198 5.82276 4.68605 3.80845 3.13657 3.07581 2.52797 2.25074 1.51539 1.10848 1.11089 1.01785 1.17526 0.446615 0.214428 0.17225 -0.28962 -1.72051
0.818327 0.255941 -0.0118558 0.047615 0.848661 0.981177 0.964619 0.661698 1.18608 1.39001 1.54128 2.1274 2.66962 2.85464 3.2611 3.89673 4.82957 7.01897 9.8761 12.5316 16.8884 21.5546 26.2258 30.0209 33.5247 35.965 37.6131 39.0237 39.9979 40.4988 40.6214 40.3388 40.7089 41.0629 40.2963 38.545 37.5661 36.0855 33.517 30.528 26.8725 22.6318 18.1984 14.245 11.5071 9.1983 7.69487 5.90277 4.91568 3.99663 3.23995 3.11272 2.76542 2.4899 1.79551 1.12402 0.919184 0.940138 1.06095 0.577293 0.0920743 -0.160025 -0.252104 -1.65927
0.65733 0.361614 -0.0500534 -0.166956 0.606906 0.913413 0.776694 0.712197 1.24892 1.11718 1.60215 2.13261 2.40582 2.4316 2.70662 3.28346 4.18469 6.29528 9.02533 11.9609 16.4571 21.8109 26.6856 30.6892 34.3727 37.3913 38.8538 40.01 40.9215 41.311 41.038 41.0628 41.2503 41.7249 41.3116 39.7913 38.4932 37.0796 34.7639 31.7765 27.9176 23.2269 17.8617 13.8988 11.1524 8.81843 7.45046 5.83146 4.99342 4.19844 3.30629 3.22565 2.91534 2.45274 2.04958 1.18457 0.853946 1.15076 1.22749 0.439854 0.0849872 -0.124482 -0.0649805 -1.46576
0.382578 0.290636 -0.121806 -0.190437 0.539037 0.825292 0.633322 0.632847 1.09055 0.958944 1.64993 2.12177 2.23501 2.01857 2.34157 2.62789 3.5006 5.494 8.00343 11.016 15.2749 20.8604 26.2391 30.752 34.172 37.1063 38.6187 39.6114 39.8458 40.3363 40.0642 40.1605 40.4131 40.8687 40.611 39.1077 37.8663 36.9185 35.0998 32.2348 28.2554 23.0545 17.193 13.202 10.2186 8.13044 7.11512 5.64048 4.84641 4.30123 3.54484 3.30636 2.88922 2.2892 1.9558 1.28742 0.912958 1.08383 1.10763 0.327662 0.255 -0.00751854 0.132144 -0.487698
0.179104 -0.0641201 -0.307353 -0.0348027 0.456835 0.458352 0.44359 0.728727 0.985513 1.11684 1.32333 1.77914 1.93114 1.61528 2.0109 2.01753 2.7891 4.3574 6.5878 9.3045 13.1494 18.4036 23.5989 27.9729 30.9706 32.9911 34.4941 35.6712 35.6574 35.9351 35.8218 36.0493 36.0986 36.4203 36.1506 34.9148 34.202 33.4457 32.234 30.019 26.1904 21.1352 15.481 11.7267 8.99217 7.16602 6.45712 5.42855 4.69168 4.31222 3.80679 3.36308 2.70677 1.93431 2.02461 1.30813 0.831244 1.07484 0.938478 0.528623 0.174018 0.0384467 0.250207 0.365235
0.0907138 0.0871633 -0.360711 0.0444705 0.393661 0.28771 0.189109 0.315981 0.871747 1.13474 1.28723 1.54453 1.79946 1.50235 1.63394 1.48513 2.11718 3.15003 4.76143 6.95267 9.34795 13.1034 16.6755 19.5762 21.7029 22.9971 24.2078 25.1685 25.3269 25.3784 25.4173 25.4681 25.583 25.6587 25.5071 24.5225 24.3123 23.9848 23.2721 21.8557 19.2094 15.8331 11.7016 9.12274 7.48551 6.39724 5.84035 5.21205 4.53419 3.99878 3.63216 3.0895 2.39528 1.78227 1.91438 1.54923 0.896693 1.10608 0.974803 0.645503 0.349294 -0.0548021 0.321155 0.740439
0.308243 0.287693 -0.299407 0.0179364 0.384959 -0.003282 0.071392 0.204784 0.831777 1.08617 1.40921 1.44981 1.51112 1.39677 1.4178 1.02205 1.48503 1.98645 2.68564 3.44054 3.79085 4.12349 4.46332 4.88625 5.72173 6.36769 6.92903 7.48387 7.53226 7.80414 7.71874 7.80055 7.66138 7.78359 7.44333 7.14114 7.2469 7.29252 7.2735 7.26446 6.686 6.79745 6.01096 5.77334 5.77512 5.56342 5.20543 5.01644 4.7936 3.85772 3.28318 2.84476 2.18951 1.60071 1.70652 1.69785 1.07241 1.07004 1.0317 0.602478 0.613707 0.165953 0.177862 0.548485
0.685326 0.542638 -0.0648424 0.15152 0.364654 -0.1248 -0.229412 0.172841 0.726758 1.05841 1.32458 1.34574 1.2134 1.17489 1.04912 0.60227 0.653134 0.849828 0.813965 0.16624 -1.666 -4.74924 -7.53967 -9.56782 -10.0085 -10.2659 -10.1812 -9.80482 -10.0615 -9.93989 -9.80803 -9.90567 -10.0887 -10.004 -10.1437 -10.0556 -9.89669 -9.37864 -8.61786 -7.44121 -5.8077 -2.45902 0.599429 2.48516 3.47907 4.32241 4.45817 4.53304 4.62103 3.69763 3.0197 2.21785 1.92904 1.57219 1.52701 1.44131 1.14978 1.05346 1.14651 0.602904 0.665044 0.365591 0.300809 0.129086
0.725322 0.613796 0.316305 0.180363 0.184288 -0.0811026 -0.0187695 0.155881 0.772981 0.959829 1.07275 1.27005 1.28515 1.02202 0.713941 0.3465 0.0615006 -0.295934 -0.843076 -2.31853 -5.48786 -10.0032 -14.1014 -17.4083 -19.1085 -19.6436 -20.0829 -19.9887 -20.5229 -20.5602 -20.3481 -20.4258 -20.5237 -20.4111 -20.2262 -20.2139 -20.0096 -18.9958 -17.4682 -15.7333 -12.6824 -7.94901 -3.40498 0.118397 1.6836 2.96423 3.53206 3.98168 4.15724 3.29383 2.5174 1.69664 1.43098 1.50599 1.33021 1.18444 1.06674 1.14385 1.06683 0.924684 0.628647 0.43693 0.290752 -0.148476
0.868918 0.539821 0.506104 0.266756 0.428655 -0.0449633 -0.029407 0.206409 0.829206 0.794529 0.997234 1.15511 1.4208 1.06091 0.649918 -0.0862177 -0.52959 -1.13633 -2.10392 -4.06216 -7.43724 -11.8687 -16.309 -19.7827 -22.0063 -22.7778 -23.5563 -24.0536 -24.7587 -24.6528 -24.4337 -24.4899 -24.6516 -24.6468 -24.2805 -24.1529 -23.6411 -22.3503 -20.6416 -18.6024 -15.0147 -10.114 -5.79025 -1.57748 0.323409 1.97192 2.67837 3.18579 3.61476 2.97644 2.04086 1.37492 1.12165 1.48871 1.47274 0.943862 1.0325 1.3501 1.2113 1.20918 0.980308 0.616959 0.0475367 -0.392114
0.863699 0.72928 0.604819 0.343341 0.420357 0.0797424 -0.119919 0.103109 0.629267 0.67569 0.763341 0.978249 1.30772 1.16296 0.690067 -0.14026 -0.814602 -1.65391 -2.74836 -5.02764 -8.27571 -12.3487 -16.3256 -19.5504 -21.5255 -22.5023 -23.7033 -24.7391 -25.3133 -25.041 -25.1657 -24.9854 -25.2345 -25.3324 -24.9742 -24.3111 -23.5731 -22.1984 -20.5284 -18.8264 -15.1774 -10.6277 -6.79539 -2.7916 -0.628699 1.08858 1.85193 2.47671 3.10621 2.63351 2.06214 1.19502 0.949264 1.4507 1.69154 0.894436 1.23983 1.39285 1.23325 1.12024 1.1321 0.922987 0.423728 -0.371729
0.880538 0.952179 0.48516 0.377264 0.486159 0.154805 -0.300807 -0.159137 0.583064 0.458576 0.549151 0.930989 1.15506 1.28426 0.715054 -0.0124733 -1.03417 -2.08766 -3.20136 -5.11143 -8.31167 -11.9815 -15.0793 -17.9692 -19.8613 -20.735 -22.1966 -23.2015 -23.8146 -23.9065 -24.163 -23.8407 -24.0331 -24.1321 -23.95 -23.256 -21.9698 -20.5942 -19.0037 -17.556 -14.0901 -10.3687 -7.11071 -3.54695 -1.17887 0.402057 1.1753 2.14612 2.41679 2.21964 2.08653 1.31097 1.03157 1.30179 1.55251 0.980152 1.3164 1.32872 1.03761 0.940568 1.04538 1.09056 0.624716 -0.26779
0.619947 0.904932 0.71256 0.624105 0.429724 0.408354 -0.344081 -0.587486 0.171449 0.257461 0.537649 1.08083 1.24815 0.976574 0.366744 -0.333434 -1.14343 -2.11566 -3.44342 -5.15602 -7.81257 -11.162 -13.7846 -16.0181 -17.9588 -18.9508 -20.0596 -21.2394 -21.7437 -22.0634 -22.3416 -22.1958 -22.1443 -22.4172 -22.3369 -21.5158 -20.063 -18.4076 -16.9519 -15.5806 -12.6807 -9.67588 -6.63454 -3.87292 -1.65861 -0.0805487 0.776874 1.69706 1.9436 1.79849 1.954 1.22336 1.02861 1.31644 1.63255 1.22204 1.15693 1.14268 0.974061 0.981927 0.839901 0.964573 0.698447 -0.0845967
0.698104 0.921958 0.988543 0.564838 0.181768 0.327354 -0.243673 -0.7383 -0.362527 -0.124619 0.444502 0.878871 1.25327 0.706456 -0.341015 -0.698413 -1.28264 -1.96576 -3.69125 -5.09057 -7.28346 -10.0422 -12.36 -14.2058 -16.3214 -17.253 -18.0506 -19.2264 -19.626 -20.1034 -20.2 -20.2212 -20.0324 -20.4061 -20.26 -19.5091 -17.9141 -16.3968 -14.8845 -13.9061 -11.5717 -8.78231 -5.99034 -3.69693 -1.75369 -0.480287 0.530647 1.23802 1.68825 1.7279 1.59825 1.22728 0.897359 1.37119 1.56817 1.25817 1.11015 1.05083 0.806225 0.948293 0.523701 1.01374 0.929264 0.123541
0.814881 0.856221 0.996869 0.646826 0.0760154 0.240335 -0.135734 -0.673066 -0.607614 -0.410469 0.103445 0.464379 0.922689 0.515641 -0.944602 -1.18873 -1.47785 -1.92603 -3.63033 -4.91848 -6.61877 -9.1071 -11.3002 -12.746 -14.7757 -15.658 -16.2402 -17.1585 -17.7368 -18.2905 -18.2315 -18.2139 -18.0901 -18.3607 -18.3574 -17.3488 -16.1026 -14.7868 -13.2878 -12.5506 -10.7253 -7.97497 -5.64035 -3.9479 -2.06908 -0.753922 0.281759 0.807316 1.38559 1.50235 1.21364 1.08355 1.08915 1.22409 1.24195 1.35979 1.12691 0.986682 0.911566 0.719075 0.424989 1.09451 0.998892 0.256883
0.777724 1.01606 0.943191 0.599091 -0.0627488 -0.0290051 -0.137259 -0.699296 -0.629174 -0.487822 -0.03703 0.488283 0.867627 0.0587572 -1.29219 -1.48185 -1.78574 -2.01769 -3.32431 -4.52356 -6.05165 -8.31037 -10.2905 -11.6666 -13.1603 -14.144 -14.8513 -15.3735 -16.0254 -16.5719 -16.5479 -16.3639 -16.3439 -16.4832 -16.5476 -15.7329 -14.704 -13.2704 -11.9733 -11.1827 -9.86297 -7.55247 -5.60802 -4.2042 -2.30759 -0.97579 -0.0835072 0.360536 0.913984 1.10576 0.856109 0.676441 0.697804 0.774137 1.13989 1.30053 0.985685 0.863315 0.893469 0.651852 0.656361 1.00327 1.03541 0.639557
0.974606 0.930162 0.85994 0.475969 -0.0818525 -0.205775 -0.233559 -0.516398 -0.654081 -0.275348 -0.0085441 0.443668 0.593766 -0.245006 -1.17973 -1.58254 -1.82015 -2.28261 -3.02622 -4.18922 -5.60985 -7.48132 -9.10963 -10.5803 -11.8338 -13.0326 -13.6227 -13.7906 -14.4124 -14.6873 -15.1842 -14.8991 -14.684 -14.9522 -14.7154 -14.3863 -13.344 -11.9603 -10.9399 -9.94212 -8.94493 -7.10674 -5.3898 -3.97089 -2.42015 -1.24497 -0.345603 -0.0201772 0.525474 0.887627 0.458816 0.153891 0.209362 0.583721 0.856156 0.786191 0.846864 0.624803 0.786575 0.697711 0.841374 1.07035 1.0475 0.568566
1.19343 0.741796 0.745827 0.498063 -0.164865 -0.127585 -0.355378 -0.468714 -0.389437 -0.0696819 -0.0970286 0.286185 0.505918 -0.326036 -1.2205 -1.61368 -2.16761 -2.55968 -2.88696 -3.9531 -5.21079 -6.9101 -8.37856 -9.6799 -10.8043 -12.0246 -12.2978 -12.4382 -12.8331 -13.3826 -13.7785 -13.5403 -13.2898 -13.5982 -13.3931 -13.1614 -12.2543 -10.9437 -9.98485 -8.82176 -8.02844 -6.48078 -5.24154 -3.86893 -2.25438 -1.31601 -0.804443 -0.349593 0.423731 0.53394 0.175049 -0.15285 0.229762 0.495621 0.615538 0.567355 0.451062 0.48736 0.835709 0.931489 1.03091 1.23017 0.992081 0.488577
1.2465 0.598398 0.658564 0.564329 -0.0682185 -0.0355366 -0.260717 -0.23144 -0.185197 -0.103313 -0.242431 -0.0699285 0.313423 -0.3788 -1.10477 -1.61298 -2.45512 -2.50088 -2.98639 -3.98424 -4.94166 -6.54985 -7.78131 -8.98754 -10.0977 -11.0739 -11.3627 -11.3799 -11.668 -12.2282 -12.4663 -12.295 -12.0821 -12.5052 -12.2244 -12.0337 -11.337 -10.1332 -9.18337 -8.12068 -7.27446 -6.09942 -4.94432 -3.68362 -2.17127 -1.39915 -1.37815 -0.684167 0.0126176 0.190465 0.133746 -0.149209 -0.0502029 0.462063 0.398212 0.233077 0.0449699 0.401998 0.996286 1.13715 0.967865 1.05718 0.840259 0.425468
1.20342 0.586223 0.570981 0.523659 0.203229 0.127304 0.196424 0.0419563 -0.209195 -0.154527 -0.515281 -0.297895 -0.142726 -0.629212 -1.1675 -1.73771 -2.21083 -2.50811 -3.19621 -3.94055 -4.68657 -6.13322 -7.13757 -8.37171 -9.32997 -10.0682 -10.6307 -10.861 -10.9535 -11.1643 -11.3894 -11.3715 -11.3815 -11.6197 -11.376 -11.033 -10.4541 -9.69623 -8.58434 -7.59132 -6.63059 -5.78595 -4.40421 -3.36726 -2.17495 -1.58454 -1.70901 -0.943869 -0.456329 0.132388 0.255381 -0.0456348 -0.169251 0.274086 0.141205 0.0330367 0.0537235 0.458149 0.870278 1.09848 0.80457 0.759643 0.747248 0.601082
1.16215 0.473181 0.183427 0.16666 0.191861 0.187796 0.116903 0.069675 -0.0800729 -0.212229 -0.636945 -0.347142 -0.430042 -0.964781 -1.4402 -2.02644 -2.44078 -2.59847 -3.27249 -3.84423 -4.34598 -5.65711 -6.35248 -7.70259 -8.63756 -9.17784 -9.86969 -10.0704 -10.292 -10.4858 -10.4735 -10.5154 -10.6817 -10.9195 -10.6108 -10.1261 -9.68718 -9.21436 -8.14111 -7.20536 -6.60275 -5.81273 -4.15826 -3.19387 -2.40667 -1.8118 -1.5602 -0.959363 -0.522453 0.18691 0.198961 -0.244693 0.0139583 0.390997 0.14901 0.0737571 0.253419 0.485739 0.631104 0.977038 0.690034 0.350708 0.521685 0.740483
