MatLab_Code/anomaly.grd
DSAA
64 64
-31 32
-31 32
-31.202110290527 23.5830078125
[rows 20 to 39 of 64, columns 0 to 45 of 64]
-0.53542232513428 -0.60932505130768 -0.63977229595184 -0.78545248508453 -0.81585133075714 -0.92340791225433 -1.0065188407898 -1.1086585521698 -1.2673561573029 -1.432244181633 -1.4668745994568 -1.4285968542099 -1.3261519670486 -1.2886633872986 -1.1730265617371 -1.0489041805267 -0.94060212373734 -0.52927643060684 0.1687466353178 1.2870119810104 2.8890800476074 5.2547607421875 7.8511047363281 9.488748550415 10.626864433289 11.281608581543 11.718216896057 11.99213886261 12.199807167053 12.270552635193 12.283946037292 12.285225868225 12.326289176941 12.284934043884 12.162154197693 11.844511985779 11.489503860474 11.179622650146 10.489621162415 9.1933526992798 7.6329708099365 5.4576272964478 3.1437315940857 1.4789494276047 0.4070979654789 -0.34926053881645
-0.65116274356842 -0.71865046024323 -0.71459877490997 -0.78401529788971 -1.0384451150894 -1.1092128753662 -1.1017599105835 -1.1491537094116 -1.4632186889648 -1.6865968704224 -1.7191474437714 -1.6441488265991 -1.6608539819717 -1.7897200584412 -1.8087276220322 -1.8421951532364 -2.2460389137268 -2.4827370643616 -2.6649260520935 -2.759161233902 -2.8823344707489 -2.9003217220306 -2.8714835643768 -3.1030271053314 -3.1916451454163 -3.3511958122253 -3.3949456214905 -3.311496257782 -3.2198796272278 -3.4602837562561 -3.6211838722229 -3.6545233726501 -3.5007600784302 -3.5257892608643 -3.5603566169739 -3.6670045852661 -3.501344203949 -3.387876033783 -3.3301830291748 -3.3191187381744 -3.113463640213 -2.8275537490845 -2.5963513851166 -2.4064002037048 -2.2661225795746 -2.2558064460754
-0.71379846334457 -0.89783734083176 -0.8068625330925 -0.85145509243011 -1.0247277021408 -1.1445688009262 -1.2205432653427 -1.2575061321259 -1.4323449134827 -1.6336714029312 -1.7854797840118 -2.0710942745209 -2.2680914402008 -2.5102977752686 -2.739394903183 -2.9853162765503 -3.6142573356628 -4.3049235343933 -5.2449531555176 -6.6166677474976 -8.5457000732422 -11.022608757019 -13.650860786438 -15.658657073975 -17.154342651367 -17.977403640747 -18.458679199219 -18.696577072144 -19.0396900177 -19.356695175171 -19.544284820557 -19.586776733398 -19.353860855103 -19.339696884155 -19.214252471924 -19.126432418823 -18.611053466797 -17.897914886475 -17.12868309021 -15.738574981689 -13.718024253845 -11.090094566345 -8.4531393051147 -6.3832926750183 -4.9417634010315 -4.0375905036926
-0.65564984083176 -0.872951567173 -0.84960848093033 -0.87332588434219 -1.0313057899475 -1.2765533924103 -1.3617099523544 -1.4443739652634 -1.505176782608 -1.6943229436874 -1.9629963636398 -2.4396777153015 -2.8184335231781 -3.2893762588501 -3.7610549926758 -4.2010116577148 -4.904914855957 -5.9344830513 -7.4605507850647 -9.5131063461304 -12.378213882446 -15.774243354797 -19.326829910278 -22.269678115845 -24.407163619995 -25.629285812378 -26.597373962402 -27.34527015686 -27.876983642578 -28.210554122925 -28.363079071045 -28.412502288818 -28.182510375977 -28.087024688721 -27.968732833862 -27.49048614502 -26.837139129639 -25.641096115112 -24.375741958618 -22.255424499512 -19.371782302856 -15.846904754639 -12.376099586487 -9.4272203445435 -7.2471361160278 -5.7180132865906
-0.7894059419632 -0.84964203834534 -0.96667045354843 -1.1569715738297 -1.3609311580658 -1.4803615808487 -1.6135542392731 -1.5237567424774 -1.6532139778137 -1.9204117059708 -2.2045924663544 -2.5944585800171 -3.1252145767212 -3.7329378128052 -4.4026498794556 -5.0767369270325 -5.8580279350281 -7.0709171295166 -8.9252815246582 -11.258296012878 -14.159358978271 -17.563848495483 -21.011178970337 -23.985286712646 -26.164329528809 -27.709156036377 -28.878728866577 -29.805854797363 -30.483818054199 -30.872611999512 -31.115394592285 -31.202110290527 -31.012323379517 -30.872158050537 -30.627452850342 -29.995861053467 -28.978092193604 -27.755708694458 -26.140939712524 -23.767864227295 -20.994646072388 -17.639293670654 -14.302815437317 -11.375155448914 -9.0083875656128 -7.1089544296265
-0.80045938491821 -0.9577225446701 -1.1304250955582 -1.4769598245621 -1.5749294757843 -1.6644805669785 -1.7349158525467 -1.5968141555786 -1.8202441930771 -1.9898194074631 -2.341804265976 -2.9335427284241 -3.4137954711914 -4.0029063224792 -4.7547087669373 -5.5346193313599 -6.6491098403931 -7.7204117774963 -9.5489730834961 -11.833202362061 -14.630641937256 -17.529767990112 -20.413812637329 -23.234239578247 -25.388841629028 -27.005889892578 -28.058408737183 -28.949773788452 -29.660060882568 -30.215406417847 -30.631708145142 -30.66792678833 -30.64192199707 -30.445575714111 -29.906639099121 -29.229375839233 -28.221750259399 -26.953798294067 -25.319580078125 -23.305980682373 -20.592155456543 -17.797147750854 -14.882743835449 -12.181838989258 -9.8097066879272 -7.9610376358032
-1.1340873241425 -1.1627885103226 -1.4033498764038 -1.7148284912109 -1.7642502784729 -1.6876467466354 -1.683253288269 -1.7993193864822 -2.0604023933411 -2.3137123584747 -2.6202371120453 -3.1913516521454 -3.8454325199127 -4.3507871627808 -5.1870017051697 -5.9279775619507 -6.9822549819946 -8.2855863571167 -10.057247161865 -12.168801307678 -14.457801818848 -16.901529312134 -19.318605422974 -21.647798538208 -23.618759155273 -25.20373916626 -26.325698852539 -27.015993118286 -27.669897079468 -28.293632507324 -28.75989151001 -28.886058807373 -28.799577713013 -28.468229293823 -27.947135925293 -27.232730865479 -26.292081832886 -25.065242767334 -23.589839935303 -21.672477722168 -19.428682327271 -17.041423797607 -14.630582809448 -12.32986164093 -10.21345615387 -8.4146718978882
-1.2854702472687 -1.3780398368835 -1.5241650342941 -1.7930208444595 -1.9603239297867 -1.8315432071686 -1.8008584976196 -2.0609066486359 -2.2514877319336 -2.5881135463715 -3.0199580192566 -3.4991075992584 -4.0603532791138 -4.620632648468 -5.3749995231628 -6.1408805847168 -7.2546224594116 -8.6478700637817 -10.132331848145 -11.998078346252 -13.967610359192 -16.114645004272 -18.228849411011 -20.160976409912 -21.812715530396 -23.387256622314 -24.522497177124 -25.096067428589 -25.600931167603 -26.147920608521 -26.583225250244 -26.762140274048 -26.665830612183 -26.417804718018 -25.914897918701 -25.24475479126 -24.314826965332 -23.095678329468 -21.629409790039 -20.046287536621 -18.156885147095 -16.174028396606 -14.026352882385 -12.110513687134 -10.311652183533 -8.6854915618896
-1.1329599618912 -1.3291748762131 -1.5048054456711 -1.7895051240921 -1.9478344917297 -1.9580830335617 -1.9615058898926 -2.2150092124939 -2.4989743232727 -2.7578370571136 -3.2050082683563 -3.5942077636719 -4.1688055992126 -4.9032053947449 -5.4716081619263 -6.2302160263062 -7.4199347496033 -8.6544771194458 -10.042555809021 -11.745402336121 -13.49898815155 -15.298360824585 -17.02663230896 -18.799686431885 -20.400667190552 -21.692575454712 -22.726697921753 -23.351022720337 -23.772062301636 -24.190082550049 -24.655349731445 -24.985734939575 -24.9251537323 -24.735656738281 -24.146821975708 -23.268442153931 -22.427249908447 -21.287328720093 -20.005519866943 -18.55753326416 -17.026746749878 -15.195134162903 -13.365763664246 -11.832768440247 -10.334115982056 -8.7250909805298
-1.0182256698608 -1.3302689790726 -1.5601572990417 -1.9659873247147 -2.0499384403229 -1.9203145503998 -1.8732553720474 -2.2437064647675 -2.5769367218018 -2.8230953216553 -3.2554798126221 -3.8097932338715 -4.3638997077942 -4.9731845855713 -5.4809122085571 -6.3171014785767 -7.5168285369873 -8.6634578704834 -10.039043426514 -11.420869827271 -13.05239200592 -14.710028648376 -16.222230911255 -17.745754241943 -19.018754959106 -20.262613296509 -21.299829483032 -22.110055923462 -22.598613739014 -22.930055618286 -23.140434265137 -23.441007614136 -23.553276062012 -23.32399559021 -22.70171546936 -21.851766586304 -21.11828994751 -20.028133392334 -18.862543106079 -17.601697921753 -16.284505844116 -14.658682823181 -13.048251152039 -11.487975120544 -10.153836250305 -8.7795476913452
-1.0181809663773 -1.4116387367249 -1.6015156507492 -1.862793803215 -1.992391705513 -2.0083637237549 -2.0146563053131 -2.2554955482483 -2.6249496936798 -3.0685992240906 -3.5352857112885 -3.9662089347839 -4.4381456375122 -5.1028165817261 -5.6487727165222 -6.5001392364502 -7.5600519180298 -8.6734571456909 -9.9386177062988 -11.171412467957 -12.848676681519 -14.400729179382 -15.831877708435 -17.130514144897 -18.365447998047 -19.518934249878 -20.479261398315 -21.143392562866 -21.838251113892 -22.150808334351 -22.300743103027 -22.44907951355 -22.598056793213 -22.493858337402 -21.865968704224 -21.190774917603 -20.505477905273 -19.576801300049 -18.407880783081 -17.208471298218 -15.852880477905 -14.41189956665 -12.819395065308 -11.296330451965 -9.9769802093506 -8.7085599899292
-1.1601766347885 -1.4369436502457 -1.4910782575607 -1.6508243083954 -1.7714678049088 -1.8865321874619 -2.0953631401062 -2.319221496582 -2.7557709217072 -3.1770989894867 -3.5416395664215 -3.9890978336334 -4.6787624359131 -5.1092462539673 -5.7578864097595 -6.6280341148376 -7.4372744560242 -8.5693168640137 -9.9711046218872 -11.378378868103 -12.797507286072 -14.202666282654 -15.602291107178 -16.9603099823 -18.061275482178 -19.146224975586 -20.131204605103 -20.828046798706 -21.483379364014 -21.855278015137 -22.075342178345 -22.172063827515 -22.239770889282 -22.065511703491 -21.541090011597 -21.095045089722 -20.42799949646 -19.441360473633 -18.284912109375 -17.05703163147 -15.700612068176 -14.261576652527 -12.801804542542 -11.444089889526 -10.120574951172 -8.7753877639771
-1.1189666986465 -1.1436216831207 -1.2747564315796 -1.5072553157806 -1.7876549959183 -1.9999562501907 -2.189147233963 -2.3367881774902 -2.6835739612579 -3.086284160614 -3.4547820091248 -3.9726052284241 -4.5863156318665 -5.1506056785583 -5.8891205787659 -6.7818326950073 -7.6223335266113 -8.662205696106 -9.9942808151245 -11.354921340942 -12.772259712219 -14.223154067993 -15.731837272644 -17.216342926025 -18.343957901001 -19.384981155396 -20.367692947388 -21.315044403076 -21.926572799683 -22.258739471436 -22.37424659729 -22.382459640503 -22.504634857178 -22.360261917114 -21.834577560425 -21.242925643921 -20.62025642395 -19.67872428894 -18.443838119507 -17.217138290405 -15.875855445862 -14.37428188324 -12.882813453674 -11.450862884521 -10.127958297729 -8.7777013778687
-1.267929315567 -1.180726647377 -1.2568683624268 -1.2474504709244 -1.5119457244873 -1.8848289251328 -2.1779825687408 -2.2779085636139 -2.5671772956848 -3.0383353233337 -3.396338224411 -3.9135866165161 -4.4879636764526 -5.0659832954407 -5.8367977142334 -6.6901574134827 -7.5421581268311 -8.7524681091309 -10.170881271362 -11.650518417358 -13.146306037903 -14.832509994507 -16.50248336792 -17.936971664429 -19.268617630005 -20.359607696533 -21.25391960144 -22.161167144775 -22.775461196899 -23.155559539795 -23.294755935669 -23.187311172485 -23.246049880981 -23.110429763794 -22.595664978027 -21.935749053955 -21.240140914917 -20.216478347778 -19.086000442505 -17.709827423096 -16.111385345459 -14.610432624817 -13.096632957458 -11.674263000488 -10.322759628296 -8.8930253982544
-1.2306592464447 -1.1316084861755 -1.2277188301086 -1.3364818096161 -1.4912524223328 -1.8267351388931 -2.0491206645966 -2.2307965755463 -2.6064939498901 -2.9970908164978 -3.2628886699677 -3.6483058929443 -4.3294749259949 -4.801287651062 -5.6655955314636 -6.6121320724487 -7.6062507629395 -8.8497648239136 -10.336528778076 -11.907589912415 -13.578125 -15.449614524841 -17.220163345337 -18.958421707153 -20.436344146729 -21.676435470581 -22.694974899292 -23.528783798218 -24.221220016479 -24.635709762573 -24.80447769165 -24.677339553833 -24.730770111084 -24.550312042236 -23.955129623413 -23.285604476929 -22.412715911865 -21.374156951904 -20.126970291138 -18.631277084351 -17.022035598755 -15.188875198364 -13.542211532593 -11.947951316833 -10.436735153198 -8.9980726242065
-1.1087019443512 -0.9902635216713 -1.0512793064117 -1.2765637636185 -1.4806697368622 -1.7165430784225 -1.9248386621475 -2.0870454311371 -2.4356894493103 -2.8593580722809 -3.1296427249908 -3.5803964138031 -4.2212543487549 -4.7490453720093 -5.5219120979309 -6.4462990760803 -7.4076590538025 -8.8623600006104 -10.517952919006 -12.197951316833 -14.049120903015 -16.087068557739 -18.23964881897 -20.258295059204 -21.930877685547 -23.284034729004 -24.499826431274 -25.364191055298 -26.103713989258 -26.542659759521 -26.787492752075 -26.843595504761 -26.866659164429 -26.637231826782 -25.93243598938 -25.055662155151 -24.136213302612 -22.978816986084 -21.476432800293 -19.744382858276 -17.934797286987 -15.849738121033 -13.997406959534 -12.062671661377 -10.409931182861 -8.878565788269
-1.0480304956436 -0.97717261314392 -0.97869467735291 -1.1195369958878 -1.5227032899857 -1.6766577959061 -1.8239222764969 -1.8852784633636 -2.2317628860474 -2.5336105823517 -2.8484301567078 -3.3829703330994 -3.9672975540161 -4.5419487953186 -5.1848568916321 -5.9726314544678 -7.0083227157593 -8.5104713439941 -10.306683540344 -12.115999221802 -14.563914299011 -17.048448562622 -19.517726898193 -21.67115020752 -23.69268989563 -25.233652114868 -26.446310043335 -27.510047912598 -28.253801345825 -28.737728118896 -28.980737686157 -28.883504867554 -28.876800537109 -28.740209579468 -28.122159957886 -27.039621353149 -26.123125076294 -24.867975234985 -23.111059188843 -21.186487197876 -19.03920173645 -16.782133102417 -14.427912712097 -12.157409667969 -10.306581497192 -8.7085523605347
-0.94932645559311 -0.99217975139618 -0.9230283498764 -0.94609999656677 -1.2862923145294 -1.5570107698441 -1.6789041757584 -1.8548282384872 -2.1828818321228 -2.3283882141113 -2.7440025806427 -3.209584236145 -3.6269800662994 -4.0573244094849 -4.6126136779785 -5.4143671989441 -6.4373044967651 -7.9474272727966 -9.8138122558594 -11.952505111694 -14.704466819763 -17.753913879395 -20.534069061279 -22.984373092651 -25.329542160034 -27.321304321289 -28.527433395386 -29.440582275391 -30.201120376587 -30.550075531006 -30.544080734253 -30.573621749878 -30.503271102905 -30.442049026489 -30.016471862793 -29.096141815186 -27.95269203186 -26.579458236694 -24.812135696411 -22.714214324951 -20.262378692627 -17.50267791748 -14.493960380554 -11.99747467041 -10.019542694092 -8.2708292007446
-0.84107828140259 -0.9015741944313 -0.82907956838608 -0.85217124223709 -1.1965526342392 -1.4664551019669 -1.5424321889877 -1.6667881011963 -1.9469320774078 -2.0871577262878 -2.6022911071777 -3.0054142475128 -3.2853801250458 -3.5435845851898 -4.0529246330261 -4.6882543563843 -5.6584672927856 -7.1459703445435 -8.9789695739746 -11.238123893738 -14.070398330688 -17.461622238159 -20.829877853394 -23.795724868774 -26.178504943848 -28.201190948486 -29.444538116455 -30.188592910767 -30.536939620972 -30.892566680908 -30.898078918457 -30.918041229248 -30.949453353882 -30.917875289917 -30.55814743042 -29.619934082031 -28.537961959839 -27.448703765869 -25.870845794678 -23.682964324951 -20.945985794067 -17.642078399658 -14.146354675293 -11.357598304749 -9.0878038406372 -7.4021663665771
-0.72213697433472 -0.57705092430115 -0.62179416418076 -0.8230813741684 -1.0512893199921 -1.1609932184219 -1.3475103378296 -1.6224117279053 -1.7747085094452 -1.9580955505371 -2.1414499282837 -2.4784677028656 -2.7345645427704 -2.9057641029358 -3.3873345851898 -3.8239765167236 -4.6089019775391 -5.8112459182739 -7.4574642181396 -9.5290060043335 -12.306099891663 -15.715388298035 -19.172765731812 -22.177188873291 -24.333017349243 -25.803108215332 -26.930280685425 -27.741407394409 -27.947343826294 -28.139863967896 -28.179252624512 -28.271230697632 -28.178937911987 -28.10474395752 -27.750091552734 -27.034164428711 -26.319713592529 -25.417760848999 -24.211166381836 -22.371910095215 -19.605340957642 -16.167915344238 -12.585476875305 -9.7704677581787 -7.5768632888794 -6.0263571739197
