MatLab_Code/anomaly_rtp_af.grd
DSAA
64 64
-31 32
-31 32
-26.8234 51.9981
[rows 0 to 28 of 64, columns 0 to 63 of 64]
3.62588 1.82455 0.982536 0.224952 0.992747 1.87515 2.81953 2.67274 1.56911 1.35403 1.45816 2.06766 1.43229 0.751786 0.537331 -0.379263 -1.19328 -2.35923 -3.96209 -4.71483 -5.41157 -6.09677 -6.871 -8.02912 -8.44382 -9.78235 -10.5306 -11.1399 -12.3815 -13.6339 -14.3057 -13.9863 -13.2161 -12.7486 -13.0821 -12.7343 -11.7821 -10.3212 -9.68427 -8.15179 -7.02928 -5.60383 -4.68528 -3.13345 -2.04583 -1.81303 -1.05013 0.0683649 0.199723 -0.517598 -0.296363 2.1184 2.68521 2.21659 1.85195 1.044 -0.331981 -0.585214 -0.197543 1.05343 1.20804 1.92501 2.19685 1.82393
3.65363 1.76774 0.885947 0.00704717 0.591365 1.9288 3.0098 3.22484 1.76776 1.83508 1.96317 2.03596 1.505 1.0037 0.307299 -0.110629 -0.927973 -2.46127 -4.09216 -5.17691 -5.87226 -6.42952 -6.92051 -7.86753 -8.9503 -10.0924 -11.0661 -11.6536 -12.4955 -14.044 -14.4455 -14.1872 -13.6836 -13.074 -13.5345 -13.0271 -11.9818 -10.6799 -9.95508 -8.60552 -7.01686 -6.09426 -4.66106 -3.15982 -2.08269 -1.69736 -1.43296 -0.565486 -0.266138 -1.20444 -0.820533 1.56195 2.19645 1.667 1.62152 0.544521 -0.464972 -0.639771 -0.438029 0.985619 1.65313 2.31957 2.29222 2.4127
3.46375 1.72536 0.891847 -0.197519 0.58658 2.47139 2.92717 3.30981 2.32689 2.18259 2.25826 2.13828 1.31326 1.23747 0.362782 0.137269 -0.786945 -2.57465 -3.8253 -5.30612 -5.94773 -6.71274 -7.37657 -7.96334 -9.41464 -10.3298 -11.3017 -11.9612 -12.8359 -14.1985 -14.6591 -14.5323 -14.2092 -13.7502 -13.8199 -13.2501 -12.2387 -11.1962 -10.2083 -9.06771 -7.53248 -6.63511 -4.54013 -3.17557 -2.68406 -1.85646 -1.81749 -1.10021 -0.851021 -1.27931 -0.797463 1.14931 1.97887 1.43756 1.12003 -0.0514046 -0.560958 -0.786719 -0.559145 0.645963 1.85479 2.35054 2.48967 3.291
2.90182 1.96964 0.909654 -0.369253 1.01763 3.03108 3.10125 3.46531 3.01622 2.73067 2.37736 2.2212 1.5011 1.36665 0.90726 0.474614 -0.540047 -2.48673 -3.70327 -5.0505 -5.94272 -6.80565 -7.72947 -8.22601 -9.70534 -10.5874 -11.4757 -12.5208 -13.1638 -14.1039 -14.637 -15.0859 -14.611 -14.4896 -14.0638 -13.3601 -12.495 -11.9275 -10.2541 -9.35787 -8.2533 -6.67476 -4.41746 -3.49692 -3.21746 -2.07772 -2.25901 -1.36377 -0.853048 -1.09834 -0.5411 0.851203 1.62204 1.22397 0.415547 -0.304833 -0.732783 -1.07374 -0.603348 0.384831 1.9838 2.24581 2.71072 4.19254
1.85645 2.03601 1.01957 -0.061149 1.36268 3.10985 3.11452 3.50422 3.47622 3.08757 2.6705 2.20204 1.96369 1.63411 1.3763 0.807312 -0.478316 -2.14667 -3.81986 -4.97226 -5.7727 -7.08246 -7.97605 -8.74965 -9.66625 -11.0205 -11.849 -12.9729 -13.7837 -14.2027 -14.8097 -15.9431 -15.3429 -14.9438 -14.2091 -13.8926 -13.0361 -12.3351 -10.4451 -9.6178 -8.96429 -6.87071 -4.50476 -3.7715 -3.67036 -2.77816 -2.53283 -1.43151 -0.534092 -0.630889 -0.45423 0.432028 1.14788 1.24289 0.0472104 -0.353513 -0.469064 -0.880388 -0.512026 0.304517 1.73138 1.77397 2.80509 5.22594
1.53653 1.73577 1.45587 0.692995 1.46104 2.89229 3.15376 3.76231 3.95238 3.39907 3.06673 2.59927 2.35722 2.10187 1.83952 1.1218 -0.20138 -1.78056 -3.51937 -5.24043 -5.69603 -7.2007 -8.10477 -8.83736 -9.46596 -10.9577 -12.1763 -13.7085 -14.2815 -14.6931 -14.9344 -16.648 -16.2017 -15.3732 -14.2595 -14.4392 -13.8494 -12.523 -11.2091 -10.1119 -9.11244 -7.12879 -4.34173 -4.03567 -3.97274 -3.57734 -2.76518 -1.78388 -0.395473 -0.362109 -0.660597 0.0723848 0.931147 0.835072 0.0443563 -0.577611 -0.292513 -0.875158 -0.376254 0.52671 1.07195 1.46471 2.70812 5.38276
2.05741 1.67662 1.79851 1.11152 1.61868 2.90076 3.18312 3.9185 4.1416 3.75451 3.11676 3.16004 2.6038 2.57627 2.51034 1.45553 0.352904 -1.39754 -3.33192 -5.21561 -5.82059 -6.98014 -8.35629 -8.97864 -9.5697 -10.9596 -12.678 -14.158 -14.9975 -15.1532 -15.2918 -17.0672 -17.2167 -15.7164 -14.8289 -14.8197 -14.6432 -13.2465 -12.0144 -10.6602 -9.31334 -7.29047 -4.65684 -4.31386 -3.96936 -3.66873 -2.87373 -1.89375 -0.289769 -0.307514 -0.879673 -0.0378832 0.688793 0.319325 -0.0648294 -0.567706 -0.196392 -1.03635 -0.119766 0.501745 0.385455 1.35434 2.54352 4.30634
2.91952 2.17537 1.8274 1.52915 1.77001 2.88411 2.9594 3.37793 3.91337 4.10686 3.25209 3.40047 2.80961 3.14667 3.18477 1.86977 0.665583 -1.23547 -3.17679 -4.84913 -5.96764 -6.75016 -8.55302 -9.54464 -9.84347 -11.5654 -13.1829 -14.558 -16.0337 -15.6818 -15.9785 -17.3208 -17.8592 -16.3944 -15.7015 -15.3318 -15.4907 -14.3385 -12.5668 -10.9012 -9.69213 -7.61307 -5.4582 -4.39944 -4.09151 -3.51484 -2.39608 -2.15167 -0.385351 -0.485562 -0.885777 -0.174474 0.220062 -0.0157094 -0.408534 -0.858435 -0.597627 -0.994346 0.0813679 0.344566 -0.127001 1.34795 2.31182 2.79982
3.39238 2.46399 2.02447 1.58136 1.90373 2.47629 2.80143 3.15791 3.84505 4.26247 3.57749 3.46789 3.36784 3.53358 3.61053 2.07457 0.886246 -0.927558 -2.82672 -4.69733 -5.92724 -6.63678 -8.48528 -10.1337 -10.6129 -12.3337 -13.9478 -15.1806 -16.7485 -16.411 -16.4717 -17.701 -18.1306 -17.1464 -16.6363 -16.3231 -16.1305 -15.1979 -13.2379 -11.3885 -9.95887 -7.90944 -6.16415 -4.47492 -4.10539 -3.24288 -1.92302 -2.10605 -0.429811 -0.983958 -0.845445 -0.543185 -0.0734555 -0.27128 -0.433427 -1.34014 -1.22396 -1.15543 0.0183998 0.269623 0.000178329 1.56723 2.11312 2.28289
2.92672 2.80707 2.07837 1.41034 2.13748 2.55474 2.81689 3.42714 3.77646 4.13949 3.81102 3.69469 3.84538 3.85379 3.89788 2.66959 1.6168 -0.0522617 -2.07256 -4.45544 -5.77578 -6.48624 -8.52702 -10.2917 -11.3549 -13.2931 -14.9445 -16.0101 -17.2449 -16.9519 -17.2801 -18.239 -18.2358 -18.1331 -17.4118 -17.2112 -16.9662 -15.9801 -13.886 -12.1372 -10.2531 -7.99237 -6.6166 -4.93185 -4.10407 -2.71538 -1.67032 -1.40533 -0.68545 -0.885509 -1.14725 -0.922115 -0.269201 -0.380173 -0.621942 -1.80164 -1.66848 -1.40562 -0.210519 0.0415232 0.322457 1.45644 1.89842 2.17445
2.16176 2.72853 2.05391 1.73227 2.10093 2.72034 3.035 3.48817 3.78189 4.16371 4.29795 3.84057 4.28133 4.5232 4.11645 3.44604 2.40123 0.888204 -1.3583 -3.91397 -5.58844 -6.69546 -8.8787 -10.4648 -12.1106 -13.9516 -15.8113 -16.9462 -17.7323 -17.9316 -17.9069 -18.342 -18.6348 -18.8349 -18.288 -17.915 -18.1698 -16.8076 -14.5912 -13.0093 -10.5368 -8.18089 -7.05042 -5.55041 -3.69424 -2.70444 -1.51796 -0.844394 -0.879354 -0.977012 -1.26229 -0.910418 -0.540326 -0.68661 -0.713015 -1.97828 -1.85797 -1.44771 -0.651343 -0.0488846 0.0636101 0.982292 1.6435 2.4736
1.62776 2.21721 2.20467 1.85936 2.20878 2.83892 2.85956 3.36099 4.12405 4.41446 4.70163 4.36044 4.67468 4.61733 4.86918 4.03315 2.8664 1.37554 -1.09368 -3.46013 -5.41013 -7.06062 -9.4794 -10.9972 -13.0403 -14.6207 -16.7506 -17.9647 -18.6066 -18.7094 -18.717 -18.9833 -19.4271 -19.4939 -19.2234 -19.0388 -18.8864 -17.9617 -15.8729 -14.0948 -11.4199 -8.52533 -7.3797 -5.77421 -3.68421 -2.81814 -1.36559 -0.908691 -1.11701 -1.25279 -1.22955 -0.581826 -0.617995 -1.05063 -1.06796 -1.90968 -1.7529 -1.57 -0.900239 -0.128587 -0.130654 0.163258 1.44066 2.81234
0.720709 1.57167 2.40557 2.12946 2.22368 2.84744 2.52565 3.41879 4.60732 4.35972 4.75659 4.78387 4.91429 5.07924 5.45529 4.47366 3.27569 1.91553 -0.467208 -2.82185 -5.19923 -7.48164 -9.92051 -11.8558 -14.062 -15.3335 -17.6639 -18.9198 -19.2771 -19.7667 -19.6301 -20.0258 -20.5219 -20.4557 -20.5332 -20.4282 -19.8418 -19.1814 -17.0875 -15.1538 -12.4589 -9.42639 -7.59158 -5.66671 -3.46918 -2.56241 -1.55846 -1.02271 -1.00069 -1.18631 -1.01209 -0.562551 -0.626759 -1.26235 -1.32364 -1.67778 -1.70035 -1.78005 -1.05856 -0.364737 -0.04102 -0.000397525 1.57465 2.92679
-0.0139994 1.1257 2.19815 1.84851 2.29833 2.89099 2.768 3.60341 4.91832 4.57763 4.85623 5.1769 5.23108 5.57315 5.84896 4.96024 3.60272 2.5496 0.4542 -2.07798 -4.99903 -7.86036 -10.5525 -12.9539 -15.1041 -16.4306 -18.4257 -19.6328 -20.0129 -20.8532 -20.5228 -20.8566 -21.8899 -21.621 -21.8601 -21.7584 -21.3279 -20.5191 -18.4305 -16.5051 -13.7748 -10.7868 -7.94515 -5.49871 -3.10717 -2.19709 -1.74986 -0.792149 -0.687945 -0.920931 -0.741875 -0.673174 -0.955877 -1.34673 -1.62514 -1.68558 -1.72099 -1.52876 -1.08965 -0.899129 -0.0405841 0.0778994 1.34549 2.89441
-0.400818 0.936445 1.92272 1.88909 2.35459 2.67981 3.19278 3.52183 4.56449 4.59915 4.9747 5.58881 5.50385 6.04814 5.94268 5.44 4.31211 3.24363 1.61372 -1.09996 -4.72514 -8.35781 -11.3246 -14.3258 -16.4449 -18.1047 -19.3508 -20.276 -21.1995 -21.856 -21.6787 -21.8549 -23.0577 -23.1601 -23.1496 -23.2515 -22.928 -22.0269 -20.0273 -18.0067 -15.2138 -11.6933 -8.45574 -5.60707 -3.14052 -1.91852 -1.70162 -0.64546 -0.191636 -0.900178 -0.534322 -0.540813 -1.40822 -1.83256 -2.08471 -1.90891 -1.89087 -1.42263 -0.958528 -1.02862 0.020882 0.294345 1.0325 2.07703
-0.497347 0.606622 1.71742 2.15868 2.66007 2.48086 3.17137 3.69103 4.01648 4.74508 5.3024 5.84496 5.77737 6.28699 6.03159 5.78626 4.63761 3.76658 2.58581 -0.241237 -4.66819 -8.69383 -12.3425 -15.4172 -17.9358 -19.826 -20.2408 -20.9707 -22.6931 -23.0215 -22.856 -22.9908 -24.0719 -24.6458 -24.4109 -24.7218 -24.6767 -23.7637 -21.6209 -19.5763 -16.8601 -12.4655 -8.71415 -5.53043 -3.25853 -1.87505 -1.72683 -0.517401 0.0834239 -0.802469 -0.616726 -0.782226 -1.50614 -1.99116 -2.47101 -2.2009 -1.73053 -1.2755 -0.983149 -0.968247 0.0150194 0.482881 0.483444 1.20042
-0.764886 0.11831 1.50371 1.88633 2.64683 2.64252 3.13609 3.85737 3.80738 4.75237 5.36252 5.5438 5.81741 6.74229 6.36914 5.84422 4.76512 4.40938 3.6037 0.309598 -3.97064 -9.01044 -13.3863 -16.3243 -19.0985 -21.0754 -21.3645 -21.9913 -23.679 -23.8886 -23.4724 -23.7924 -24.8149 -26.023 -25.9266 -26.0731 -26.0853 -25.2038 -23.2449 -21.1129 -18.2441 -13.0141 -8.82776 -5.30648 -3.0254 -2.14558 -1.45421 -0.29591 0.00697758 -0.459534 -1.06934 -1.03254 -1.55706 -2.28732 -2.41281 -2.25352 -1.78573 -1.30634 -0.925134 -0.813479 -0.144051 0.307692 -0.155302 0.255822
-0.458579 -0.110185 1.11017 1.96803 2.0892 2.7873 3.18054 4.02759 3.82674 4.51678 5.4241 5.2829 6.01026 6.92415 6.53427 6.19613 5.42508 4.95739 4.36526 1.30851 -2.80984 -8.64591 -13.6826 -17.2394 -19.7692 -21.5264 -22.0961 -22.6647 -23.895 -24.3446 -23.5927 -24.0952 -25.3728 -26.5146 -26.8234 -26.7876 -26.6565 -25.9665 -24.4117 -22.3457 -19.1471 -13.2335 -8.6473 -5.19036 -2.86671 -2.33525 -1.11188 -0.0115316 0.0553923 -0.377099 -1.36851 -1.39251 -1.66546 -2.14825 -2.56189 -2.13665 -1.5459 -1.45369 -1.39818 -1.20439 -0.49166 0.195031 -0.631213 -0.695905
-0.166103 -0.0745182 0.84694 1.97722 1.94325 2.71243 3.01323 4.07166 4.03746 4.32373 5.18895 5.31476 6.05392 6.68302 6.6611 6.51667 6.27506 5.78012 5.27566 2.75662 -1.30122 -7.55646 -12.9597 -16.8932 -19.0326 -20.2512 -20.8563 -21.3433 -22.4483 -22.8228 -22.2728 -22.6769 -24.154 -24.7868 -25.4668 -25.3474 -25.2492 -25.0241 -24.0339 -22.2676 -18.531 -12.9533 -7.93768 -4.54871 -2.61686 -2.00803 -0.870829 -0.212056 -0.0773301 -0.421613 -1.40093 -1.6288 -1.76548 -1.98955 -2.57084 -2.25542 -1.2896 -1.8418 -2.03679 -1.591 -1.02577 -0.457361 -0.522325 -1.44694
-0.489836 -0.0653105 0.621747 1.71025 1.89591 2.47854 2.88469 3.61621 3.67121 4.27765 4.8277 5.27376 5.85984 6.28158 6.52045 6.56777 6.71073 6.82571 6.17929 4.27916 1.36361 -4.66706 -10.1675 -13.3693 -15.1035 -15.7158 -16.2315 -16.4552 -17.3501 -17.3439 -17.2061 -17.8086 -19.1039 -19.6313 -20.3588 -20.3217 -20.091 -20.5353 -20.315 -18.7422 -15.7455 -10.9359 -5.98049 -3.30708 -2.08091 -1.41265 -0.432098 -0.328865 -0.64463 -0.470971 -1.38511 -1.60273 -1.84189 -1.857 -2.63564 -2.12752 -1.50158 -2.37176 -2.23121 -2.02334 -1.39586 -1.03612 -0.475414 -1.19924
-0.768029 0.0682886 0.410879 1.34213 1.8267 2.38848 2.664 2.97831 3.54244 4.31024 4.70213 5.09196 5.4247 6.03649 6.154 6.18904 7.0631 7.35788 7.28019 6.51294 5.19716 1.55734 -2.67572 -3.79219 -4.64778 -4.65918 -4.96527 -5.23995 -5.82429 -5.57603 -5.50454 -6.01992 -7.2564 -7.91912 -8.56757 -8.52214 -8.87896 -9.93603 -10.2618 -9.11395 -8.09324 -5.4713 -2.38766 -1.17547 -1.00475 -0.689777 -0.189122 -0.494733 -1.02916 -0.743864 -1.40659 -1.74302 -2.00994 -1.71891 -2.56532 -1.85858 -2.19081 -2.75146 -2.42691 -2.42219 -2.00547 -1.31858 -0.916112 -0.717673
-0.887135 0.0646709 0.261717 0.803351 1.93957 2.34863 2.39998 2.30875 3.20755 3.95296 4.25394 4.53209 4.90339 5.65602 5.78002 5.58571 7.06664 7.74691 8.51886 9.20953 10.2657 10.7482 10.9573 12.4716 13.1206 13.6683 13.6721 13.2691 12.8213 13.4852 13.6039 13.18 11.6493 11.1911 10.6086 10.7012 9.45784 8.16019 7.40435 6.94443 5.48293 3.93667 2.69953 1.36246 0.172823 -0.096963 -0.0508416 -0.687971 -1.43265 -1.4057 -1.64503 -2.0383 -1.95916 -2.02372 -2.12546 -2.034 -2.19732 -2.96711 -2.72555 -2.35983 -2.32005 -1.42517 -0.918173 -1.06027
-1.1151 0.149201 0.100102 0.578847 1.61994 2.15185 2.14899 1.9259 2.44711 3.12932 3.42064 4.25542 4.66229 5.38628 5.68661 5.51245 6.84178 7.80323 9.32364 11.5584 15.1016 19.6349 24.7443 28.5064 31.1326 31.8112 32.132 31.8331 32.0512 32.5785 32.663 32.3421 30.6179 30.3381 29.8217 29.664 28.1218 26.1775 25.2728 22.8435 18.9658 13.4446 8.09829 4.11151 1.4874 0.309218 -0.0768649 -0.7784 -1.67471 -1.80431 -2.16691 -2.04861 -2.11163 -2.08725 -1.71333 -1.68439 -2.04502 -3.17151 -2.75452 -2.09588 -2.50125 -1.69282 -0.959233 -1.39339
-1.43235 -0.171519 -0.047838 0.486839 1.30779 2.00268 1.91933 1.63422 1.78163 2.37689 2.73548 3.85018 4.35023 5.15916 5.68127 5.71972 6.54244 7.71729 10.0735 13.2855 18.5074 25.1274 32.5108 38.0315 41.6333 42.5309 43.2382 43.5677 43.9901 44.3231 44.3582 44.1035 42.5269 42.1646 42.0456 41.0584 39.6814 37.194 36.0091 32.2701 26.9557 19.4147 12.2093 6.5721 2.96779 0.833669 0.200798 -0.606452 -1.47179 -2.07465 -2.57067 -1.91735 -1.81096 -2.10078 -1.35266 -1.49929 -2.21825 -3.16593 -2.35694 -2.03806 -2.56095 -1.91347 -1.16711 -1.64241
-1.437 -0.662382 -0.129529 0.817013 1.49301 1.73476 1.87713 1.02669 1.37109 1.84575 2.2277 3.17019 3.85478 4.56831 5.30418 5.5978 6.24736 7.3983 10.4782 14.4333 20.2562 27.623 35.3579 41.7798 45.5381 47.2457 48.0345 48.636 49.1383 49.4329 49.7033 49.4136 48.2202 47.8496 47.5349 46.3736 44.4422 42.3189 40.3178 36.0069 30.2264 22.4353 14.8168 8.70229 4.49682 1.52616 0.81428 -0.220234 -1.30698 -2.17023 -2.81211 -1.89858 -1.44573 -2.03598 -1.28557 -1.47466 -2.13202 -2.75336 -2.24707 -2.25687 -2.36036 -2.35087 -1.63779 -1.6513
-1.61183 -0.9012 -0.206683 1.29127 1.55257 1.47454 1.47084 0.51158 1.11521 1.22538 1.61503 2.82896 3.41669 3.8011 4.72136 4.899 6.2008 6.99798 10.3906 14.761 21.0115 28.1164 35.3095 42.1225 46.1387 48.5874 49.3356 49.8048 50.2424 50.7707 51.4603 50.9615 50.4173 50.0026 49.0371 47.9208 45.9503 43.8851 41.2539 37.3343 30.8786 23.7961 16.3296 10.2174 5.46319 2.31876 0.986795 -0.0846324 -1.13051 -2.28176 -2.68633 -1.77793 -1.18034 -1.75288 -1.55671 -1.2775 -2.09391 -2.37068 -2.39458 -2.62026 -2.47034 -2.80958 -2.41853 -1.55287
-1.26732 -1.02573 -0.051818 1.48255 1.68762 1.0507 0.624906 0.437959 0.856181 1.03658 1.30627 2.32807 3.2423 3.21741 4.25731 4.24943 5.59611 7.12006 10.3887 15.1604 21.0234 27.83 34.5742 40.8955 45.1336 48.0965 49.4307 49.4155 49.7238 50.4316 51.2482 51.0335 50.6661 50.0736 49 47.7123 45.9718 43.7199 40.9082 36.7694 30.7265 24.0392 17.0451 11.2612 6.49209 3.02798 1.33539 0.430025 -0.954224 -2.06849 -2.41195 -1.80721 -0.848443 -1.21749 -1.45379 -1.14472 -1.86761 -2.13629 -2.42156 -2.64142 -2.3819 -2.7693 -2.62193 -1.73071
-1.24914 -0.91363 -0.0625297 1.34852 1.81154 0.794341 0.0173322 0.483394 0.585739 0.814666 1.33752 1.94473 2.69518 2.89646 3.43807 3.51863 5.10147 7.28456 10.0975 15.0384 20.6396 27.2466 33.6306 39.4453 43.6238 47.0402 48.8928 48.7777 48.8408 49.4628 50.1948 50.4329 50.0937 49.75 48.546 47.1235 45.5523 43.0972 39.8698 35.8887 30.3558 24.0909 17.2574 11.9787 7.47353 3.79239 1.67918 0.699331 -0.668025 -1.56322 -1.74011 -1.7303 -0.713151 -1.07535 -1.33056 -0.982186 -1.80783 -2.14975 -2.37174 -2.20131 -2.25038 -2.8229 -2.544 -2.17996
-1.79716 -0.922928 -0.242174 1.17097 1.52292 0.607076 -0.328836 0.27658 0.568597 0.506327 1.16916 1.4539 2.03231 2.76301 2.51811 2.76135 4.78941 6.89282 9.88421 14.6518 20.2608 26.5168 32.2959 37.9599 42.3241 45.6345 47.7116 48.058 48.0357 48.3711 48.9679 49.7168 49.5691 49.4469 48.0553 46.1043 44.9314 42.268 39.016 34.8827 30.0782 23.7998 17.4319 12.527 8.47428 4.38824 2.26654 0.755811 -0.194664 -0.770949 -1.08175 -1.01828 -0.737609 -1.14552 -1.30454 -1.20664 -1.44537 -1.99457 -1.91239 -2.17336 -2.60253 -2.81612 -2.20426 -2.4569
